1182.23 1067.22 
945.81 1076.84 
1018.89 889.68 
1014.26 916.97 
713.06 1306.18 
1089.27 852.38 
513.90 1047.26 
1234.65 1056.67 
1187.51 1030.38 
1159.08 1120.69 
1418.32 1150.43 
1058.92 1179.23 
1098.17 781.31 
951.40 1173.04 
1476.66 969.82 
881.07 904.58 
698.21 840.87 
1283.45 1452.77 
858.13 958.13 
1241.17 1153.79 
1074.66 1461.21 
775.35 935.52 
944.34 828.78 
1287.06 1046.77 
1082.30 1133.48 
704.92 829.47 
1549.77 985.92 
1468.41 1145.89 
1441.59 1096.44 
1249.98 1447.34 
728.75 713.56 
970.88 856.98 
1436.01 1051.81 
561.97 763.34 
1237.81 890.03 
913.50 992.54 
379.46 1177.87 
1066.76 866.37 
1038.42 1303.67 
712.54 695.62 
624.31 957.26 
1465.40 902.85 
863.25 1422.17 
1330.37 851.03 
1158.26 1496.96 
1584.31 765.21 
1203.45 1372.20 
1220.20 1391.17 
877.86 838.00 
1654.93 1106.90 
884.96 1120.76 
991.96 1426.35 
1045.94 792.05 
606.27 883.22 
855.50 1416.09 
1259.55 1204.54 
1509.46 751.39 
623.88 765.90 
705.56 768.70 
950.40 587.43 
1317.22 1269.18 
859.44 1532.24 
798.23 881.43 
805.06 647.03 
784.58 1190.01 
515.21 1010.68 
1394.67 1204.74 
1088.88 1558.98 
865.75 1175.83 
1139.19 1053.37 
894.17 1375.86 
1075.53 619.11 
959.58 1363.76 
924.08 1420.82 
1065.21 1388.76 
1320.60 922.03 
719.09 621.16 
1128.43 1254.77 
702.59 602.35 
1009.41 1259.86 
1433.53 1383.65 
696.39 677.45 
612.24 987.37 
1405.20 764.16 
1631.87 1103.76 
1354.61 1111.72 
402.67 976.62 
1385.93 1204.63 
950.37 579.79 
897.09 598.54 
1463.13 595.14 
813.68 597.97 
1157.83 1299.48 
862.99 573.59 
761.99 998.98 
504.05 1070.25 
912.30 549.13 
1371.10 1259.64 
1372.09 802.47 
1368.30 1322.45 
1358.56 1428.47 
995.93 481.69 
1431.02 1448.74 
1375.42 1458.13 
704.92 576.36 
998.80 1400.20 
1180.69 1355.25 
725.03 718.98 
978.91 786.48 
951.77 1467.02 
891.00 864.94 
1101.80 618.14 
1540.34 1241.92 
1141.26 1319.08 
992.39 805.34 
1478.99 760.08 
826.67 1371.04 
1119.31 1536.58 
1234.71 544.94 
898.59 729.26 
820.83 665.52 
612.43 1217.13 
1024.08 827.66 
1136.16 1553.13 
574.42 668.69 
1269.61 1368.64 
1249.22 563.49 
1238.08 1405.22 
1383.31 1406.76 
1448.96 1479.39 
959.17 1223.35 
661.05 725.06 
1104.64 1424.93 
591.23 1205.82 
1044.46 657.98 
1006.97 1454.22 
511.82 1333.14 
1476.50 1401.23 
460.96 573.52 
796.27 553.45 
538.05 818.99 
911.98 453.66 
864.37 661.40 
832.56 612.96 
1223.60 1244.09 
510.13 1452.11 
673.73 1064.64 
534.62 1256.74 
1019.02 593.84 
1501.52 1240.39 
555.86 985.78 
1293.85 1143.93 
1296.87 717.91 
561.03 1126.36 
654.34 1111.89 
1212.01 1487.08 
455.16 895.08 
987.53 1317.42 
840.42 1108.98 
1046.52 1222.57 
973.19 1615.29 
471.68 722.60 
1141.54 841.72 
899.34 1490.71 
1327.66 1286.55 
1340.81 778.65 
1615.13 1261.28 
492.63 1129.57 
1184.82 901.07 
1314.60 1077.16 
1263.70 1279.02 
821.47 827.47 
553.20 1009.36 
255.60 863.99 
1199.04 668.47 
1543.25 1145.06 
1434.06 1010.71 
585.21 707.26 
928.85 1537.19 
747.42 495.49 
1194.16 830.61 
1414.94 882.89 
496.31 856.73 
1466.64 781.31 
1013.85 696.42 
1258.13 395.95 
763.97 514.91 
1623.17 1002.96 
473.05 750.14 
1456.92 1236.94 
1027.90 1603.05 
1067.36 1484.94 
479.85 1405.30 
1466.27 1222.79 
1331.46 499.98 
752.81 988.95 
586.75 1441.08 
1516.28 1297.75 
1346.76 1432.10 
1101.63 1518.83 
720.61 1230.95 
912.80 616.93 
1507.62 658.32 
1356.60 882.66 
872.97 1507.41 
1385.04 1172.36 
866.11 561.46 
690.13 1278.03 
968.16 1495.72 
834.16 1470.26 
656.44 1330.63 
722.02 786.43 
1459.36 1205.57 
813.44 738.60 
1012.45 1572.78 
846.22 1205.50 
1458.15 1408.78 
844.15 558.26 
1492.24 1353.59 
1348.31 613.45 
1396.06 1017.38 
525.35 1082.09 
1250.88 829.97 
1164.85 1061.19 
585.81 869.19 
1180.05 558.96 
1410.52 1051.97 
1419.24 1333.64 
1364.72 1343.15 
669.34 564.00 
1039.93 1234.40 
705.81 704.26 
905.08 1067.10 
576.78 930.89 
724.20 1222.71 
1195.91 1457.70 
1534.96 1205.47 
684.82 560.71 
464.91 1073.40 
1161.07 442.49 
532.49 891.97 
376.17 1074.77 
771.63 602.65 
1175.89 684.88 
801.30 1440.10 
1379.50 1008.48 
1028.98 516.39 
538.78 1621.17 
635.89 713.72 
863.69 1280.53 
528.95 1331.34 
881.80 588.62 
1377.35 1263.54 
1464.40 689.87 
1647.85 854.94 
1403.35 1188.40 
1513.44 720.49 
1229.64 1332.26 
1051.49 1530.35 
846.54 1231.31 
972.31 696.99 
1510.36 1383.14 
794.44 582.53 
1564.73 1186.60 
486.36 1015.88 
1399.56 720.95 
514.15 752.64 
1290.25 531.87 
984.96 1500.64 
1450.50 1264.42 
772.32 1067.53 
1040.59 781.89 
1179.18 1572.74 
839.42 931.59 
1328.82 1196.35 
874.20 1561.89 
1420.18 1204.55 
1610.73 1347.58 
1228.00 1515.80 
284.79 1272.44 
1194.12 782.32 
979.24 1108.29 
686.23 689.23 
442.23 553.65 
685.61 815.04 
1124.09 586.97 
1145.71 680.89 
478.15 838.34 
1270.55 1198.05 
862.49 535.42 
746.90 1585.11 
731.06 1435.89 
1216.53 429.18 
941.86 1496.36 
687.45 1421.18 
1049.13 1520.96 
538.97 574.89 
913.68 1210.53 
674.67 1461.33 
365.98 1264.97 
848.30 1001.55 
1072.78 1190.82 
575.68 1125.68 
1429.88 582.65 
1030.01 1387.07 
1000.83 1341.85 
1271.55 1012.74 
1124.57 594.77 
1413.05 838.99 
1144.24 1462.27 
917.96 1641.20 
1554.12 1085.03 
1260.85 810.41 
527.56 403.20 
803.97 1134.50 
1012.50 499.52 
1391.87 1346.99 
916.83 509.34 
730.69 475.59 
1199.89 657.84 
1332.76 800.12 
471.64 1116.60 
1150.21 1382.88 
1605.51 865.50 
1534.32 1410.80 
1093.40 633.80 
980.61 1215.97 
1048.22 909.30 
927.79 473.31 
546.31 424.22 
1087.11 600.33 
744.36 733.33 
1443.01 1278.30 
276.72 855.88 
1270.72 1588.50 
254.55 778.64 
1007.62 692.94 
599.29 1355.18 
1577.11 1110.35 
1657.30 972.53 
893.72 533.58 
1756.40 1404.10 
724.61 843.23 
1156.26 554.71 
1345.47 1170.48 
1347.63 912.29 
332.60 937.24 
656.45 1469.43 
1155.17 606.19 
1578.62 977.35 
1417.90 531.48 
771.90 1395.34 
1036.41 1501.44 
175.73 1157.21 
678.69 1163.32 
962.55 1381.14 
1528.38 1413.05 
1112.67 1641.76 
394.67 916.29 
1295.90 1164.89 
1190.14 1606.05 
1722.17 837.03 
1349.24 965.43 
600.08 1592.68 
594.66 971.36 
825.72 577.36 
1092.04 1139.67 
835.46 1011.45 
564.56 444.79 
1615.79 809.88 
1062.43 542.57 
1496.14 1418.45 
400.46 1415.55 
971.90 1297.17 
1257.07 747.02 
1394.96 1145.97 
1060.74 1608.97 
497.36 612.42 
920.06 708.04 
1434.64 645.05 
1256.41 1422.00 
1398.73 1492.79 
750.98 1057.21 
792.14 833.51 
1766.90 1019.36 
515.28 631.65 
517.35 834.74 
644.07 1169.66 
451.51 969.63 
1582.50 1599.03 
1143.95 474.38 
508.71 1573.17 
1497.52 825.15 
1506.22 563.10 
1193.67 1438.81 
779.76 1261.58 
702.32 1390.58 
634.57 933.26 
1106.19 455.40 
865.37 1331.78 
1334.49 595.29 
1120.59 1336.87 
1205.04 1013.54 
633.30 1100.37 
420.15 1372.27 
1037.94 1436.40 
1621.54 1010.56 
1289.23 1736.65 
1092.74 692.46 
1150.69 770.12 
1729.39 1150.71 
797.48 1326.65 
1390.04 582.28 
1263.90 579.17 
819.92 944.07 
1281.51 1617.33 
1333.56 1429.92 
1106.51 579.86 
1436.41 1181.18 
767.67 1336.90 
1721.84 1047.55 
931.21 1411.37 
1741.77 501.34 
925.06 492.67 
1033.82 612.11 
836.66 683.44 
536.24 1163.05 
582.47 465.11 
875.04 1248.81 
586.18 1560.87 
684.72 1260.88 
1562.73 831.30 
804.47 1517.69 
1005.33 427.55 
1455.88 853.97 
1439.52 1442.43 
1591.50 957.71 
368.72 588.51 
1152.12 483.98 
965.62 605.74 
761.20 1126.32 
581.97 1224.52 
921.60 1360.64 
438.89 1163.89 
1275.63 513.40 
1222.01 1315.78 
853.24 1466.42 
1646.32 1168.88 
629.59 1640.72 
772.90 1408.28 
875.39 517.26 
674.86 895.42 
1171.11 890.59 
646.32 1324.61 
1420.48 1425.28 
1331.99 1586.74 
888.89 834.56 
1328.57 306.90 
831.47 738.71 
1354.98 982.75 
695.26 1508.07 
294.82 901.24 
520.93 800.97 
980.67 539.87 
1348.30 1516.07 
717.52 1220.13 
776.70 1334.24 
1520.99 795.50 
1779.25 943.54 
947.39 705.53 
902.55 1176.62 
616.55 1369.54 
664.35 544.92 
981.27 1533.55 
1180.22 961.76 
1428.76 983.36 
1355.09 588.16 
1088.41 1806.94 
1132.65 911.91 
1146.32 1701.50 
1393.70 651.12 
1406.97 1431.83 
833.13 1605.47 
1476.60 1327.03 
385.24 1279.92 
1128.55 1597.51 
868.73 1483.11 
1681.32 899.58 
109.66 996.33 
650.93 1251.39 
855.58 1392.21 
1557.96 913.79 
943.51 321.30 
1372.16 1541.94 
1265.09 1228.06 
626.08 897.42 
1449.58 1469.58 
1225.60 1192.91 
338.73 1172.30 
180.72 708.68 
543.81 722.95 
1073.65 1684.27 
1136.63 844.92 
159.72 1247.72 
1339.75 1213.50 
830.21 1485.82 
432.41 1343.03 
764.11 267.63 
1233.62 1475.77 
490.37 361.08 
1168.62 696.50 
987.42 714.29 
744.19 606.95 
1137.79 540.38 
568.06 688.64 
1762.03 868.33 
1695.18 434.41 
1102.17 1283.18 
1081.56 1578.75 
1083.37 1427.27 
1310.18 409.01 
477.73 1526.12 
646.39 659.17 
943.01 492.22 
581.53 1263.79 
691.96 930.32 
1367.01 1651.68 
1594.23 1325.80 
774.83 567.01 
812.88 724.11 
459.59 1170.80 
812.37 572.30 
1320.70 1467.46 
1325.45 1805.89 
1232.12 618.52 
1677.62 733.49 
1393.02 675.46 
1342.77 1003.65 
1159.93 697.71 
313.99 919.61 
1185.60 630.64 
703.75 1507.65 
472.94 983.46 
1310.48 1352.78 
1273.39 1438.72 
1612.22 1412.23 
742.73 1635.00 
615.94 699.06 
1217.71 1036.18 
980.58 623.58 
1310.27 1472.80 
731.16 515.85 
1505.12 669.85 
715.84 520.19 
447.34 1472.99 
1088.83 758.39 
958.91 511.45 
1337.28 573.37 
1276.12 1220.21 
354.71 1058.46 
663.58 1557.56 
230.67 588.42 
1367.58 1156.61 
569.49 1309.29 
850.16 753.13 
819.95 918.48 
1602.72 1265.24 
1225.69 744.62 
1909.52 834.23 
1700.73 1351.84 
1552.71 839.68 
1364.17 1448.96 
762.27 1741.94 
1543.34 1533.31 
954.61 594.68 
796.38 1049.91 
1323.87 1491.12 
1571.15 1668.18 
911.36 317.73 
717.77 1374.13 
662.18 394.35 
1374.19 1468.06 
1412.94 1419.56 
1325.82 732.04 
1522.52 391.09 
1380.50 876.05 
1517.23 1691.75 
1254.99 1275.91 
1422.45 611.27 
1256.66 1362.14 
1382.68 1391.28 
1052.09 1394.51 
1604.17 1745.07 
1413.36 637.25 
1107.00 709.16 
794.30 1594.10 
535.69 1047.23 
997.35 1543.08 
1121.70 1783.84 
1606.03 1158.45 
540.19 1380.18 
349.94 1246.81 
1247.12 674.00 
517.52 1148.30 
568.66 1669.69 
432.45 502.07 
983.28 287.22 
839.59 1375.97 
942.38 142.70 
234.72 844.87 
666.02 800.68 
492.79 737.39 
809.03 405.44 
352.78 691.99 
734.81 643.99 
947.92 911.53 
674.99 488.19 
1523.06 684.38 
881.48 579.67 
1188.60 1164.01 
963.23 1722.07 
857.58 465.00 
760.23 1481.39 
939.74 1304.16 
555.68 781.89 
1206.82 1228.19 
456.98 489.53 
718.46 1660.45 
579.14 781.23 
436.32 877.02 
1635.60 929.01 
277.92 1168.32 
681.63 862.00 
1325.47 988.61 
423.07 533.49 
820.53 685.02 
1121.11 474.36 
1003.28 1677.84 
1154.33 1570.80 
1623.23 1666.68 
1517.58 1324.96 
896.76 763.30 
341.18 531.18 
1640.54 1186.97 
483.40 1056.64 
967.02 441.77 
424.62 919.77 
594.47 1140.42 
491.07 281.94 
912.53 1119.33 
753.01 928.17 
785.14 1507.95 
1276.63 1596.55 
600.13 485.41 
1463.13 302.83 
1561.45 401.70 
646.36 902.91 
645.37 1415.36 
1672.83 661.03 
1403.51 1718.38 
763.64 1040.09 
1317.15 480.61 
1239.60 1334.84 
1425.56 810.72 
445.74 1256.91 
1347.56 1507.45 
1581.53 1029.68 
383.78 1198.48 
1660.86 779.88 
1345.27 1591.46 
58.08 1054.98 
1051.80 467.72 
999.23 352.26 
1023.88 252.47 
1116.99 1509.17 
1442.00 1788.73 
528.55 1299.53 
884.89 1167.14 
1112.47 1421.60 
776.55 1632.22 
476.83 534.18 
513.12 1099.89 
676.25 1122.25 
1075.11 1266.18 
680.21 658.56 
1319.03 1345.83 
706.73 280.17 
1683.25 1177.87 
1048.56 629.88 
807.82 1243.68 
317.71 676.36 
1645.15 1498.47 
1364.39 1762.10 
550.40 1518.57 
252.02 840.61 
978.39 1755.14 
407.29 1698.74 
1174.00 1527.09 
735.50 535.58 
1585.94 1386.81 
1233.30 1748.38 
499.21 550.48 
908.53 565.69 
1773.50 1158.89 
1151.69 1598.52 
555.68 836.90 
1587.72 1048.10 
551.05 670.09 
581.67 681.83 
903.22 1050.07 
1658.58 718.84 
1317.06 1090.03 
342.89 559.18 
460.14 1177.23 
1007.62 231.16 
1740.10 600.54 
1434.91 737.69 
894.21 1866.11 
1405.86 1609.20 
1198.64 384.80 
779.99 534.23 
836.51 1287.80 
1795.95 1252.55 
1266.08 1477.10 
1251.60 548.51 
1138.43 1817.46 
967.78 1664.01 
502.90 535.70 
616.74 1608.04 
1540.27 795.56 
917.59 636.88 
1129.60 262.42 
1461.71 1824.11 
1282.69 793.02 
1461.55 498.99 
1663.72 1431.14 
1247.17 818.89 
1304.26 1438.13 
1410.88 666.14 
715.41 1517.98 
506.29 936.48 
968.51 1166.52 
1634.66 1290.86 
721.75 1457.72 
1238.03 1637.91 
1008.08 569.09 
1239.33 1717.64 
1216.31 1713.05 
1474.85 1495.45 
643.85 529.32 
265.81 586.60 
802.78 1684.20 
889.64 672.43 
1129.44 778.26 
534.95 767.36 
1445.88 799.65 
1063.50 265.99 
952.87 1393.08 
400.64 778.15 
1594.42 595.84 
497.03 1346.70 
1602.45 884.23 
510.05 707.74 
791.56 1765.23 
529.33 462.98 
293.36 1216.31 
1794.88 1529.39 
773.84 916.83 
715.11 117.84 
398.22 867.85 
1253.12 656.09 
602.95 725.81 
733.52 914.65 
732.22 1554.25 
1819.75 1470.03 
1495.77 1269.56 
508.48 959.73 
1071.87 486.13 
1053.31 1249.82 
1545.21 1014.07 
1170.18 499.12 
855.55 345.37 
1284.83 892.38 
1833.33 1017.95 
602.33 497.42 
830.57 388.28 
880.15 414.03 
1693.00 825.18 
971.01 482.93 
1042.88 458.79 
527.73 726.70 
1630.24 1378.15 
299.17 1411.40 
1272.13 1703.82 
1292.27 1455.81 
217.98 763.23 
1562.63 1674.08 
499.13 637.04 
902.02 1459.63 
842.99 1557.35 
1431.37 480.79 
918.42 758.34 
1779.58 1315.15 
485.82 1230.80 
1258.49 1566.65 
758.54 343.41 
436.59 1204.33 
885.34 1499.94 
1829.12 1063.08 
175.94 788.58 
972.67 913.46 
1306.81 1477.86 
1018.30 1611.77 
1070.59 1664.91 
1415.69 995.39 
1534.71 824.82 
1179.79 188.19 
724.75 591.89 
1314.34 1556.19 
842.54 1303.09 
374.11 1591.10 
1476.37 614.08 
1402.57 414.23 
1626.29 1726.45 
910.05 1900.76 
1516.62 941.87 
1847.76 1319.26 
1322.23 627.94 
408.58 941.61 
666.34 674.26 
1071.85 292.16 
655.02 982.92 
1014.85 322.17 
924.66 141.64 
1024.72 1739.13 
943.16 1567.23 
1375.73 563.93 
1552.83 721.25 
1026.15 455.78 
1131.27 1377.99 
885.73 361.23 
1686.88 1564.33 
1645.69 1490.91 
1537.14 411.49 
943.34 508.64 
333.33 822.25 
1081.76 506.02 
1383.06 1796.55 
752.92 1267.84 
1620.31 1169.67 
711.25 1286.67 
1629.26 735.19 
1447.14 525.27 
1745.92 1253.54 
810.95 847.74 
1807.92 1046.41 
1525.89 1265.18 
1156.15 1548.10 
540.73 1498.52 
1379.97 676.73 
1387.29 1286.07 
641.09 1399.06 
627.76 1285.09 
1804.65 1256.59 
1030.82 309.01 
920.81 1327.98 
837.25 1061.62 
623.25 513.47 
695.31 503.86 
1438.42 1293.33 
1753.28 1142.61 
1004.86 214.62 
864.73 393.50 
1316.29 947.81 
1457.14 1310.19 
1278.87 524.06 
979.17 1122.38 
664.31 639.85 
1083.20 1635.92 
686.29 1375.96 
559.67 1252.11 
1325.49 536.31 
1073.81 582.18 
1127.79 1449.43 
1422.41 1752.31 
967.86 785.18 
1702.88 821.38 
585.99 284.23 
575.19 553.46 
423.70 1355.37 
1201.68 409.81 
1257.55 1002.42 
1090.37 159.12 
484.75 923.73 
1068.79 735.87 
1097.53 1609.96 
1074.69 1774.14 
549.78 1310.61 
122.35 1322.71 
1285.99 1852.37 
1274.62 1364.65 
293.62 1080.16 
1267.04 1665.99 
408.26 1119.86 
1294.27 466.98 
420.38 882.35 
1648.45 1407.46 
1243.14 1415.66 
1032.25 1728.73 
1477.95 1086.38 
917.95 201.85 
1021.21 1718.78 
1335.93 1655.03 
320.81 1714.59 
1172.20 1588.20 
1585.52 569.01 
909.88 689.75 
1631.25 1501.30 
670.07 1872.32 
1091.91 435.84 
1031.57 775.67 
703.41 1595.58 
1087.36 358.79 
1118.66 324.54 
1300.48 361.62 
880.47 714.58 
1481.34 1068.40 
774.75 1510.86 
629.04 1401.41 
775.52 1929.06 
594.76 1650.56 
689.77 750.81 
1362.80 1878.59 
1841.84 1502.74 
1591.15 1317.78 
635.44 969.00 
1337.59 478.80 
1056.53 1755.51 
1256.60 1500.95 
471.18 339.16 
281.65 923.31 
1199.47 1681.40 
744.91 714.06 
1293.54 1628.10 
901.42 1516.81 
1570.25 1588.91 
904.67 1793.32 
1720.85 1440.72 
634.18 1225.80 
1021.86 1289.77 
787.96 1410.09 
505.03 323.29 
995.92 681.89 
629.27 1003.89 
1621.56 1143.77 
1665.74 487.99 
1187.14 1356.00 
1659.73 1202.91 
1640.65 825.24 
495.87 446.39 
1310.54 1661.09 
626.68 352.93 
1771.87 1495.48 
216.47 1190.79 
962.61 539.77 
1929.44 1075.82 
569.22 610.57 
1208.83 593.86 
441.28 896.62 
1133.82 531.23 
730.86 1840.67 
1827.40 1115.06 
930.38 1271.12 
617.52 505.32 
1563.15 322.30 
1462.21 1601.31 
1293.33 1324.89 
451.95 548.64 
1154.74 1854.25 
981.60 460.73 
1389.00 1121.87 
1658.22 1527.77 
851.22 541.89 
1416.04 434.27 
477.60 1186.01 
1391.52 1096.03 
821.02 1712.72 
351.19 707.69 
1439.61 1220.87 
1070.26 315.68 
1439.63 1608.05 
1447.83 1544.80 
1189.41 504.03 
1016.74 639.53 
921.64 1783.53 
1666.11 1531.51 
1606.42 1435.06 
290.97 793.34 
1187.83 1742.47 
1330.74 607.46 
1023.53 847.26 
896.08 433.78 
700.32 500.85 
265.23 1485.71 
1256.83 620.47 
382.46 1424.27 
776.73 1774.77 
1135.63 1862.27 
975.17 187.53 
807.14 311.65 
551.24 1545.02 
1896.08 1292.22 
1018.01 1534.67 
1543.48 383.91 
961.66 524.22 
374.56 897.73 
913.06 1712.43 
1058.50 113.62 
658.92 1689.36 
1575.56 1031.76 
1650.06 573.58 
894.61 258.23 
1187.40 514.93 
67.25 959.85 
755.32 551.31 
1514.47 1360.41 
322.71 1081.58 
1578.50 1240.64 
1423.21 1518.56 
1121.78 203.39 
592.68 632.63 
1040.00 703.13 
484.80 515.83 
1040.72 1123.69 
1703.63 1206.73 
351.63 1167.06 
799.95 372.45 
1465.55 1635.17 
1494.30 1343.29 
1471.96 1642.31 
1277.20 450.44 
825.52 1384.12 
1088.96 1717.31 
522.28 1248.26 
816.09 1176.74 
1802.06 1172.49 
454.90 1068.81 
1384.97 1685.63 
967.90 1483.87 
321.88 511.01 
1562.90 1566.24 
1514.14 1113.52 
1255.11 1669.72 
639.70 1788.36 
1551.27 530.67 
823.02 447.21 
916.58 1611.00 
638.95 1201.11 
88.05 1238.57 
1727.64 1166.54 
781.49 673.24 
1533.61 1325.66 
958.75 1176.94 
667.74 1247.64 
1669.20 588.34 
1243.64 1638.16 
1493.07 1300.45 
1176.17 461.07 
399.52 591.48 
1409.58 1822.42 
1053.22 1321.43 
1211.31 1110.25 
1806.11 692.70 
870.41 478.74 
1293.96 1614.58 
1319.75 662.67 
1051.18 1468.13 
601.92 1238.75 
133.88 906.39 
480.01 593.52 
530.00 1535.11 
1686.60 859.22 
436.94 636.04 
1060.70 474.69 
1080.48 238.65 
974.30 468.30 
1114.58 1901.11 
1481.34 332.39 
354.37 513.12 
760.17 1893.72 
1035.38 397.08 
933.57 1628.78 
1101.45 1508.69 
1555.35 755.75 
1052.69 1647.23 
1466.68 1509.84 
869.83 1444.61 
992.10 1620.43 
328.34 692.22 
1262.66 491.80 
656.59 599.57 
1384.14 1466.53 
597.43 809.51 
674.32 1581.28 
688.91 257.71 
960.20 1506.34 
1030.91 1660.68 
664.39 413.49 
443.59 1545.96 
725.71 259.86 
1086.81 869.54 
1064.38 217.34 
1371.21 532.38 
1402.30 180.49 
217.49 826.51 
298.92 870.41 
1554.28 334.96 
135.60 1231.26 
1585.21 1515.65 
1387.79 1631.41 
1054.70 721.17 
942.46 1253.55 
904.03 1292.31 
183.43 627.91 
1740.01 766.19 
789.65 628.72 
1637.15 1231.04 
761.44 1317.89 
258.30 982.48 
1844.64 1410.92 
602.22 250.79 
1176.09 291.37 
1047.14 1765.15 
1001.10 1517.56 
1069.10 342.44 
204.81 1177.26 
566.04 861.69 
482.50 1187.32 
1090.74 2005.94 
1515.08 1286.18 
263.84 1129.54 
730.73 1714.88 
616.29 1561.10 
427.22 411.76 
1780.81 1216.83 
1529.92 1618.51 
1461.11 1707.28 
1166.25 426.55 
1367.16 435.38 
804.52 1556.99 
613.12 511.55 
493.09 1319.38 
1223.01 151.42 
1285.65 1409.52 
1095.60 260.52 
1365.24 1226.44 
1464.49 1715.77 
937.77 1376.90 
1545.62 1557.52 
865.82 1663.98 
1477.10 324.36 
715.06 858.38 
849.07 1755.33 
1588.34 277.15 
975.24 1780.35 
166.46 1139.13 
1717.13 1228.02 
861.13 214.02 
210.79 568.70 
873.80 484.75 
1684.05 1371.33 
619.00 452.89 
710.03 1366.25 
946.00 1831.45 
1374.20 467.11 
849.15 1646.22 
1337.83 688.84 
1754.35 917.86 
1329.94 1763.82 
533.73 901.31 
694.83 1349.80 
1097.78 1865.40 
1602.55 1631.38 
1682.71 999.50 
1080.98 922.03 
1000.00 128.51 
1253.83 742.38 
1524.79 1501.46 
1510.85 1180.76 
847.44 1127.61 
1469.12 1017.11 
961.67 1672.13 
529.44 906.24 
1634.57 631.94 
1010.04 1484.82 
818.72 1587.97 
1163.63 1618.00 
1438.41 1686.72 
1270.50 321.17 
306.68 1220.65 
1217.57 1208.25 
670.91 235.98 
924.12 1288.40 
737.46 696.49 
397.51 1538.40 
588.44 1449.43 
486.69 440.74 
1492.04 910.35 
607.40 1361.17 
1561.06 1361.79 
379.92 1252.68 
234.34 508.01 
1100.23 1647.58 
851.48 628.03 
1094.56 1725.99 
598.68 1418.37 
1714.31 1583.66 
533.13 651.21 
826.74 1119.49 
1219.60 1613.05 
1167.86 267.22 
602.92 1272.70 
1039.43 1622.12 
1752.01 1463.77 
1477.42 1253.38 
1773.52 646.38 
1211.50 386.94 
506.28 1234.83 
1301.16 806.24 
1225.49 1563.47 
1284.59 1859.66 
553.19 653.86 
1782.86 884.31 
850.46 109.36 
1205.34 248.31 
1349.06 1783.19 
463.52 910.56 
387.37 253.30 
521.10 555.29 
792.71 385.90 
545.54 745.53 
1314.38 382.04 
194.33 1174.13 
1069.77 613.87 
697.81 1220.42 
1343.91 1840.14 
1379.31 658.98 
911.87 780.11 
1572.86 703.81 
345.65 1599.78 
1267.83 1816.43 
160.17 1016.89 
897.46 172.57 
404.18 513.38 
776.86 1280.20 
1035.57 1378.33 
532.76 1767.48 
1411.54 1739.72 
760.06 1364.69 
568.60 406.20 
1463.24 468.71 
786.30 1499.76 
1807.97 745.20 
1092.62 1793.00 
378.20 575.52 
1115.21 842.51 
1557.59 1269.47 
1436.84 1362.89 
729.56 1173.64 
1257.39 706.36 
750.74 1725.32 
365.07 471.67 
1418.35 1299.64 
717.57 1538.27 
138.80 669.41 
1177.14 1215.67 
429.27 1586.02 
794.53 709.14 
1058.12 975.24 
385.22 493.03 
878.95 1070.54 
1520.32 1701.83 
436.99 630.28 
672.59 1722.16 
1381.13 1370.65 
606.95 568.63 
763.92 622.40 
1350.51 706.01 
1726.54 1030.95 
1234.71 1006.10 
277.63 850.56 
1601.36 1524.76 
584.34 613.16 
456.75 650.50 
500.24 385.67 
927.08 825.43 
693.76 558.08 
310.75 806.67 
668.26 287.33 
1019.48 1361.94 
1054.95 295.08 
1801.59 1090.60 
1970.49 910.02 
1163.17 818.21 
818.55 1533.72 
1805.14 790.43 
857.59 2018.38 
318.77 842.03 
1152.64 246.26 
1358.33 1229.01 
437.18 1749.02 
1491.47 445.68 
565.51 855.00 
1546.24 497.47 
630.40 319.06 
503.03 782.16 
1114.77 641.64 
841.68 446.17 
1297.83 1538.79 
538.33 448.19 
303.99 865.39 
1189.94 480.88 
1824.36 915.26 
596.94 799.21 
778.82 546.88 
418.08 611.00 
397.26 1359.75 
492.02 1492.64 
1500.92 930.50 
1653.11 1319.67 
884.12 1461.38 
818.38 632.26 
557.09 1513.68 
696.50 435.42 
1693.40 1414.87 
1423.42 1640.61 
417.84 752.47 
1302.79 1253.10 
724.27 301.88 
634.25 834.44 
1781.64 1470.11 
590.27 1585.80 
739.65 1115.71 
1283.04 983.46 
310.80 481.41 
854.08 1832.06 
330.33 496.60 
873.37 730.28 
349.23 1475.02 
227.58 964.43 
904.91 922.37 
576.49 1061.54 
1541.63 1098.89 
578.08 1356.77 
1314.33 592.18 
336.71 609.14 
824.92 542.68 
666.31 1429.73 
473.49 668.95 
1595.76 392.12 
484.96 819.66 
1041.23 1894.42 
686.17 583.50 
571.15 287.54 
643.60 1546.80 
594.54 1297.29 
945.27 1391.84 
1799.72 1408.81 
351.88 954.95 
662.42 275.14 
1023.21 428.67 
466.88 420.34 
1659.64 1608.24 
582.09 1702.97 
1121.94 710.54 
1358.33 249.13 
221.80 968.64 
1418.38 538.83 
745.12 1471.16 
1264.89 1100.49 
950.34 1419.95 
1146.98 422.54 
1390.55 909.08 
788.67 1424.67 
1108.49 385.16 
796.20 1431.06 
219.74 887.56 
727.76 889.30 
97.21 1305.92 
1490.38 1662.02 
213.20 1166.67 
1765.04 1342.20 
205.37 648.28 
922.67 1631.28 
644.56 374.25 
472.84 1085.50 
893.34 1233.12 
1531.81 555.93 
563.89 597.49 
1529.17 869.23 
649.90 654.74 
614.73 956.12 
1168.10 1035.73 
1459.29 1305.43 
1792.14 1152.01 
1305.15 1135.54 
698.07 1177.31 
959.29 342.24 
1482.39 917.18 
1152.04 1624.13 
556.47 593.61 
1424.54 1250.10 
938.82 1448.73 
852.15 1318.00 
1044.19 247.06 
961.27 1408.31 
1027.76 642.32 
1842.65 1123.21 
1326.63 350.13 
554.10 184.53 
197.13 807.67 
1230.67 1134.95 
377.37 853.97 
997.63 1259.73 
1490.39 1167.59 
875.52 1685.90 
80.11 1162.12 
1485.17 1753.41 
787.16 510.26 
1282.14 1505.70 
651.80 950.30 
741.53 322.45 
834.51 1746.39 
863.26 283.86 
387.41 707.44 
1674.94 1326.53 
706.32 446.31 
1215.90 1731.53 
473.68 1381.00 
1761.12 710.20 
1772.45 744.41 
347.26 498.69 
1328.73 1694.89 
1199.79 446.61 
660.78 1694.49 
695.00 1730.14 
696.75 1065.77 
545.61 1455.69 
439.94 442.14 
626.41 643.80 
1060.92 667.46 
1308.92 1707.75 
1278.38 1309.34 
701.06 1223.85 
1348.21 1211.43 
1770.73 1560.03 
727.52 1462.72 
1037.86 863.76 
614.00 1085.45 
632.03 1578.29 
300.88 1079.12 
1587.45 1180.04 
376.93 1501.97 
1490.13 1743.94 
986.36 410.63 
1964.05 1096.03 
1568.67 356.24 
863.03 1407.04 
349.99 1352.40 
1843.82 1485.97 
1184.00 442.36 
399.09 1193.95 
401.05 1619.92 
702.66 1772.30 
1077.13 1715.16 
717.44 1011.13 
1680.90 1134.19 
866.16 1773.96 
619.22 640.70 
825.14 1547.71 
418.47 1016.41 
712.83 383.19 
824.97 425.66 
514.73 1140.21 
181.57 598.66 
1708.49 1598.02 
1723.50 559.49 
1363.24 1605.51 
1231.08 448.67 
914.76 1518.68 
1067.38 1348.59 
1216.67 1250.72 
490.86 687.84 
1450.99 1024.52 
1459.07 947.32 
1359.50 447.26 
1001.71 1593.98 
1589.02 1131.27 
1024.85 229.85 
1219.76 865.04 
1174.81 1650.83 
867.99 133.24 
1605.06 1475.22 
900.33 604.42 
1412.75 1657.91 
746.78 1326.40 
944.22 1660.22 
1040.15 1526.25 
1369.00 1547.04 
1624.71 1474.16 
1437.81 1367.85 
1774.43 546.75 
1136.99 224.74 
1050.26 325.23 
1203.96 758.51 
1282.80 233.31 
606.81 185.18 
1588.59 964.56 
1220.63 1605.63 
621.53 380.09 
998.93 308.00 
1292.58 626.26 
1129.21 1673.24 
1327.26 207.01 
1180.38 367.92 
537.31 595.51 
1803.78 747.17 
1037.01 447.99 
446.24 1601.44 
1996.47 1110.16 
1305.38 255.70 
1346.80 1315.17 
196.33 1434.90 
287.72 1468.60 
1163.99 166.76 
767.08 494.56 
392.06 1521.01 
837.30 1184.77 
1002.78 1700.55 
1135.19 1567.76 
1543.87 1720.85 
1683.41 1264.81 
1692.41 1203.32 
608.30 331.86 
1061.88 1337.00 
595.15 1504.83 
1306.23 1789.58 
461.45 782.43 
1441.74 1323.60 
273.76 882.58 
609.17 890.96 
1314.75 755.63 
1193.51 310.94 
1031.61 129.11 
418.01 424.74 
793.03 431.50 
96.33 1098.01 
1421.29 627.46 
904.37 690.49 
1920.95 927.53 
1979.05 1188.45 
1504.39 1914.35 
1676.08 1076.46 
815.91 331.39 
1579.74 452.16 
1166.72 1487.34 
1046.44 1320.74 
656.77 1178.40 
1116.93 98.52 
318.18 1200.33 
423.08 472.36 
698.04 684.74 
790.20 1664.89 
1837.50 1551.52 
1532.22 1377.65 
659.30 468.34 
556.97 991.06 
1319.52 1653.86 
724.46 127.95 
1400.83 651.88 
828.80 756.33 
642.95 396.47 
1335.16 1358.40 
1020.61 1571.27 
742.25 1119.28 
1263.19 1745.99 
202.40 1090.72 
1431.56 1221.20 
479.93 1305.45 
784.01 1603.69 
782.68 231.37 
1801.98 1346.13 
1018.00 1177.51 
301.05 328.79 
1707.02 653.45 
1665.52 514.55 
635.92 269.44 
1539.77 1738.19 
858.23 1320.41 
1327.65 1415.13 
664.59 1052.65 
1943.86 1356.07 
240.22 705.84 
1947.53 1262.96 
1207.51 128.45 
1503.00 1233.60 
160.78 689.49 
1017.18 512.72 
1033.93 1002.85 
1892.04 608.50 
1915.51 1329.01 
743.95 399.80 
1285.52 341.48 
827.37 169.73 
1018.13 367.98 
692.08 912.45 
1123.15 1639.41 
797.65 1289.25 
1524.67 1548.37 
1081.54 1830.05 
931.15 564.47 
1014.01 1648.71 
1164.56 2014.99 
1897.00 911.02 
1888.87 883.00 
646.14 910.56 
872.16 167.33 
574.22 613.61 
1827.18 1287.78 
343.01 1396.17 
1613.99 938.89 
1017.37 371.15 
841.50 1400.47 
952.77 421.59 
1135.04 1174.98 
806.57 1233.14 
210.85 904.68 
1436.77 1853.30 
395.58 1268.25 
1650.00 359.84 
1300.38 249.35 
1002.02 1201.00 
943.17 1835.79 
1698.00 730.04 
1062.07 1880.47 
1272.78 415.41 
982.29 1523.37 
555.64 328.16 
191.81 885.19 
1057.00 1931.57 
1384.73 837.47 
600.85 1223.92 
1643.30 864.20 
892.35 1716.61 
605.54 628.46 
306.25 542.38 
416.20 218.40 
951.73 1754.62 
412.49 849.00 
276.79 549.59 
189.19 1153.30 
692.52 178.09 
1182.71 753.24 
697.16 1069.62 
433.00 301.81 
492.25 929.64 
178.59 1075.80 
1486.22 1440.33 
1320.76 1859.57 
710.86 1686.63 
1650.74 1052.56 
1309.51 1405.64 
937.21 568.62 
1985.29 899.80 
1134.25 655.00 
547.20 389.44 
433.98 1051.77 
568.02 232.02 
205.00 949.01 
1484.40 1540.69 
1182.74 684.58 
579.21 956.00 
768.23 221.58 
666.57 923.56 
1187.51 1283.46 
1355.64 1848.34 
228.09 569.97 
1544.18 1729.38 
520.80 566.17 
1209.31 1391.09 
324.19 351.46 
1242.54 727.59 
489.82 1684.02 
1289.65 1725.45 
1360.61 1159.21 
849.21 372.44 
1166.25 1786.25 
103.23 753.57 
1721.18 484.62 
1920.00 1330.82 
1487.75 1581.59 
279.43 1371.20 
530.79 325.41 
331.89 687.81 
1074.45 418.24 
988.92 1399.00 
1323.41 1188.54 
1880.57 1368.51 
506.52 1287.44 
337.04 1319.04 
1609.50 1203.48 
935.19 1736.65 
1488.39 836.48 
1482.02 1435.60 
1458.70 830.25 
1284.62 1993.20 
545.00 840.72 
983.82 1700.00 
1061.02 355.00 
1436.45 554.02 
1334.42 1734.64 
1427.64 1113.25 
1039.41 273.54 
1893.18 1100.59 
1613.91 423.79 
1421.77 1869.60 
1202.62 458.20 
959.00 164.81 
480.78 1834.79 
372.50 1124.57 
728.41 223.80 
1404.46 107.57 
429.46 1551.46 
1171.43 214.80 
1578.50 1448.61 
871.10 608.38 
1120.46 719.47 
1695.59 731.47 
1026.04 1353.28 
1132.24 121.99 
628.00 1373.52 
581.00 495.82 
1563.83 512.42 
419.49 1430.48 
750.94 1183.52 
1001.22 623.40 
1148.23 144.19 
179.90 748.21 
628.75 1519.23 
1450.72 1067.00 
1648.80 1131.80 
509.42 259.53 
856.51 501.44 
870.96 1409.50 
48.47 940.49 
1374.46 1629.47 
1076.93 803.00 
1627.69 542.99 
518.78 1356.26 
1340.53 839.53 
1311.50 733.49 
1081.04 428.48 
1500.50 598.04 
900.28 1794.78 
950.24 244.27 
331.03 1398.52 
862.53 86.50 
1216.25 1690.22 
1926.44 925.43 
1899.20 1030.96 
1464.49 202.04 
1409.46 1278.44 
1053.54 1306.04 
1569.50 1301.41 
317.61 1426.00 
1631.05 345.46 
1003.98 178.46 
755.35 1366.00 
1309.51 1249.53 
345.50 1487.45 
1427.42 1240.48 
1416.93 735.54 
902.21 178.82 
985.06 1576.24 
767.50 1476.45 
1273.72 1514.28 
850.04 1933.47 
1377.00 1015.16 
933.67 1336.26 
1205.99 165.48 
956.19 451.78 
962.89 1178.23 
1877.47 803.47 
1067.65 1190.62 
789.28 209.78 
912.01 1545.77 
282.09 660.00 
1082.53 229.00 
686.83 614.00 
659.48 1565.46 
1446.69 132.70 
656.51 1338.55 
1255.70 1286.26 
294.47 737.22 
540.70 1182.70 
424.03 1461.00 
641.98 1802.77 
737.00 515.26 
624.32 393.32 
1859.72 1277.73 
1791.98 1016.54 
1579.02 1525.26 
1895.94 1270.49 
1497.22 1232.23 
810.99 1460.77 
1457.96 1460.00 
785.91 490.00 
681.71 823.31 
682.52 1909.47 
637.49 1803.50 
544.27 1715.33 
636.25 1106.99 
409.50 485.50 
1521.76 1214.60 
853.74 1835.73 
418.02 1726.51 
428.64 692.71 
1277.67 822.71 
485.25 763.34 
600.00 363.51 
1100.40 299.26 
155.93 1482.00 
1028.02 1294.00 
1481.25 1632.99 
1057.65 1653.73 
926.74 814.30 
1102.05 867.00 
719.29 1380.68 
350.43 1594.26 
1405.29 721.31 
924.72 965.31 
861.31 1039.40 
1422.65 804.68 
684.35 293.27 
1982.94 832.00 
294.38 997.29 
1223.37 1844.65 
1280.31 1761.29 
426.47 664.26 
1688.62 602.69 
864.00 1813.08 
142.31 1339.34 
69.00 1221.00 
871.36 220.70 
718.35 1533.29 
660.36 1324.30 
1270.67 1917.69 
1874.40 1260.29 
1431.35 1176.30 
772.27 1600.65 
1062.61 795.30 
1364.72 1315.66 
577.31 345.28 
672.96 1345.00 
412.02 934.00 
466.05 368.00 
1024.64 233.70 
515.65 1802.69 
1865.00 1537.91 
596.00 223.01 
967.67 288.33 
1243.70 1896.29 
1818.28 1564.63 
583.32 1497.63 
1480.66 1863.30 
254.05 529.00 
1110.32 181.62 
1027.70 1494.70 
648.34 1298.33 
572.33 165.64 
1300.65 162.36 
1911.65 1395.29 
496.03 890.00 
1231.32 1418.38 
1186.29 1428.37 
1149.91 471.00 
1544.01 1640.00 
530.70 912.33 
748.32 1328.72 
1755.08 1191.00 
1279.28 1382.31 
671.38 213.67 
985.00 197.03 
1110.67 281.67 
1776.68 1405.65 
1496.32 909.30 
1269.99 1221.00 
1777.34 499.69 
1434.29 1042.59 
1347.66 716.29 
531.67 637.71 
1587.36 1405.30 
249.04 707.00 
1171.00 1892.07 
693.92 1079.00 
1070.30 1795.61 
1163.66 1572.66 
1365.00 923.00 
676.32 742.70 
217.68 553.66 
1357.67 1849.64 
1419.64 1350.69 
880.32 2008.30 
1081.99 1375.00 
1660.69 1233.69 
374.37 1650.31 
604.63 1906.32 
1778.66 497.68 
106.34 1169.34 
932.69 393.62 
1871.69 1174.67 
238.00 1206.00 
106.33 1176.34 
714.34 1639.67 
215.69 1183.35 
196.32 873.64 
1796.00 1150.97 
340.00 1494.03 
1189.66 560.35 
922.98 508.00 
514.34 874.34 
1943.33 783.66 
97.00 1066.98 
