1556.41 2318.06 
1622.01 2233.39 
1547.09 2364.92 
1959.59 2491.18 
2540.14 2250.25 
1652.51 2579.48 
1537.71 2411.86 
1923.34 2556.61 
1671.30 2607.29 
1363.32 1855.25 
2017.95 2999.12 
2511.63 2432.37 
2284.04 2512.52 
2468.09 2286.84 
2206.17 2908.15 
2883.94 2514.08 
1765.45 2624.46 
1739.09 1734.22 
2023.98 1793.28 
1932.29 2508.69 
1566.72 2514.80 
1760.10 2107.88 
1548.09 2486.86 
1965.74 2620.38 
1995.04 2145.84 
1585.77 2542.81 
2004.46 1738.16 
1886.65 2622.51 
2177.99 2927.99 
2411.67 2308.29 
2108.03 1859.51 
1868.50 2593.83 
2551.47 2854.85 
2421.03 2382.77 
1623.76 2598.55 
2561.81 2322.60 
1932.60 3060.37 
1784.25 2652.31 
1167.21 2066.62 
2334.39 2074.74 
2174.01 1897.07 
1487.03 2093.97 
2342.84 2686.40 
2234.22 2888.42 
1265.55 1959.94 
2614.32 2093.98 
1989.66 3019.46 
2450.31 1788.68 
1450.46 1798.37 
1633.69 2551.65 
1549.78 1499.82 
2192.92 1925.30 
2565.40 1960.80 
2413.68 2430.98 
1634.40 1761.99 
2262.01 2868.49 
1867.42 2595.27 
1466.51 3005.60 
2526.79 1903.36 
2217.87 2223.97 
2155.16 1868.75 
1614.65 2523.99 
1691.06 2088.88 
2554.20 2038.54 
1904.02 3081.06 
1976.90 1783.76 
1779.72 2611.71 
1649.86 2214.50 
2121.80 2967.93 
2478.62 2992.97 
1743.96 2910.24 
2421.06 3033.48 
1096.74 2280.26 
1690.44 2635.03 
2616.83 2765.14 
1710.93 1753.19 
1759.76 3055.03 
1414.61 2431.91 
2379.19 2619.37 
1840.30 2613.72 
1416.56 2306.70 
2160.20 1687.53 
1702.49 2367.54 
2488.30 1846.11 
2649.01 2073.07 
1461.31 1861.25 
2242.38 2840.12 
2656.59 3114.89 
2363.70 1721.64 
2057.75 1668.20 
2157.48 2140.98 
2633.25 2669.58 
2387.76 2572.64 
2796.58 2880.73 
1595.48 2252.58 
2583.67 2395.97 
1815.00 1725.11 
1508.34 2430.01 
2562.48 2626.12 
1485.41 3034.77 
1996.97 2542.24 
1804.06 2988.72 
1862.86 1735.20 
2573.10 2581.26 
1308.02 2902.33 
1642.73 2626.38 
2037.56 3028.54 
2220.87 2297.57 
1595.36 2496.55 
2407.07 1873.88 
2149.94 2947.90 
2804.96 2832.02 
2609.50 2670.72 
1354.12 2348.56 
1738.15 1979.57 
1699.80 2588.01 
3012.93 2848.75 
1499.52 1808.38 
1787.11 1744.45 
1883.08 1496.10 
1378.08 2939.79 
1329.91 2533.63 
1065.97 2424.78 
1834.29 1485.17 
2270.46 2820.56 
1989.59 1907.70 
1087.11 2456.70 
1834.84 1754.31 
1492.88 2679.11 
2143.40 1858.99 
2641.96 2622.00 
2008.71 1496.54 
2270.24 3186.16 
1697.52 2224.91 
2214.51 2859.80 
1746.68 2596.59 
2659.48 2526.05 
2241.68 2368.34 
1987.66 1708.34 
2239.85 1934.35 
2767.68 2902.74 
2046.28 2979.00 
1785.28 1474.38 
2517.51 1935.89 
1392.42 1836.21 
818.62 2228.37 
2471.05 2480.01 
1107.50 2612.20 
1537.57 2533.29 
1106.69 2231.31 
1125.33 2133.66 
2232.55 2088.92 
1759.62 2539.33 
1528.63 1789.47 
1646.33 1790.06 
2791.33 2255.79 
2878.89 2260.14 
2684.33 2377.93 
2299.00 3165.59 
2450.52 2051.19 
2372.68 2508.30 
1335.34 1874.72 
2635.68 2590.75 
1987.28 2472.08 
1127.90 2642.04 
1288.90 2393.46 
1529.56 2458.62 
1617.33 1931.06 
1456.72 1822.44 
1873.61 2605.17 
1576.62 2468.31 
1890.71 3328.76 
2219.94 2593.65 
2671.58 2303.07 
1981.99 1912.24 
1235.95 1979.45 
1016.08 1798.58 
1389.41 2107.86 
2807.64 3504.31 
2284.19 1780.12 
1721.57 2574.37 
1968.82 2444.75 
2135.25 2601.16 
2431.08 1759.74 
2178.94 1743.61 
2344.46 1692.62 
2412.34 1669.48 
1218.00 2013.08 
1584.40 3051.04 
2405.12 2478.74 
2413.75 2551.46 
1556.56 2561.49 
1945.27 2548.09 
3023.86 2045.69 
1476.10 2494.45 
2642.51 2328.40 
3248.42 2446.09 
1352.74 1844.86 
2785.36 2518.20 
1346.82 2960.09 
2749.72 2429.68 
2592.59 1947.18 
2370.75 2666.52 
1327.42 2931.12 
1957.72 1754.77 
2422.35 2504.05 
1397.19 2968.62 
1720.92 2787.28 
2507.65 2972.71 
1516.14 3013.72 
2657.15 2360.26 
1123.10 2329.08 
1318.85 2488.10 
1437.57 1791.97 
1851.12 2976.18 
2438.72 2490.07 
2722.95 3022.62 
1390.77 1905.20 
2730.06 2973.10 
1862.95 1465.27 
1288.58 2873.57 
1812.60 2632.94 
2323.49 1987.07 
2041.25 2985.25 
1706.42 1835.70 
2669.69 2599.04 
2299.25 1811.66 
1613.31 2281.58 
2011.23 2813.21 
2503.61 1577.52 
1625.87 2917.14 
1283.70 2789.37 
1933.64 2918.21 
2093.64 2987.91 
2818.69 2045.85 
2015.51 2861.02 
2123.88 1546.76 
1117.84 1689.65 
1841.34 3319.66 
2479.12 3600.65 
2392.64 3053.94 
1470.99 1827.95 
2868.18 2613.73 
1429.69 2909.00 
2477.65 2146.11 
2042.73 2037.59 
1402.48 2147.34 
1382.28 2445.41 
2488.98 2359.37 
1949.99 1922.65 
1614.50 3030.63 
2225.23 3067.62 
2220.06 3017.42 
2400.89 2233.01 
2876.94 2564.23 
1664.01 1819.62 
2244.71 1722.16 
1893.97 2214.25 
1657.42 1471.74 
2490.48 2661.47 
2396.48 2525.93 
2258.73 1962.60 
1148.17 2671.45 
1884.72 3051.50 
2464.89 1802.89 
2814.42 2330.94 
2417.12 2060.85 
1836.85 3043.05 
2532.11 3249.97 
1913.43 3030.93 
1950.94 2537.63 
1770.32 3085.24 
2171.61 1556.05 
1929.76 2869.95 
1206.30 1998.92 
2107.11 2388.95 
2480.32 1834.69 
3245.40 2311.66 
2413.60 3083.24 
1737.32 2643.70 
1535.05 3042.92 
2397.32 2324.14 
948.27 3047.70 
1536.88 2925.61 
2198.74 1585.91 
2289.33 1377.20 
2377.61 2766.23 
2385.11 3103.90 
2220.10 3545.16 
1735.88 1463.22 
1478.30 1778.92 
1686.52 1452.05 
1633.29 3059.21 
2155.29 2858.95 
2903.21 2655.26 
2042.94 1822.02 
1667.38 3119.43 
2769.49 1933.69 
1854.48 3025.48 
1566.82 2394.25 
1896.10 1752.42 
2326.60 3399.58 
1778.80 3084.23 
921.66 2905.41 
2190.58 1357.26 
1971.12 1678.23 
1486.40 1950.02 
2344.68 1501.30 
2404.81 2498.66 
817.49 2623.04 
2534.31 2505.94 
2225.75 2017.94 
1958.43 3044.48 
1961.24 3039.73 
2337.71 2289.97 
2546.04 1932.05 
1905.14 2853.69 
2119.94 2607.15 
1435.56 3026.41 
2360.89 2826.87 
2396.30 1478.53 
2297.13 3420.98 
2543.87 2903.37 
1727.12 1575.17 
1080.21 3478.08 
2859.75 2662.95 
1305.36 1893.74 
1906.28 3573.10 
2707.92 2003.84 
1361.05 1819.33 
1781.23 3364.59 
2143.06 1576.63 
1882.25 1764.13 
1652.25 3088.62 
2158.17 1890.53 
2676.66 2428.02 
2972.54 1905.95 
2094.82 1566.79 
2481.28 2075.76 
2382.70 1750.42 
2612.28 2703.83 
1941.63 2017.81 
2129.61 3029.00 
2507.45 1874.77 
2514.95 2923.68 
1327.27 1937.70 
2671.47 1899.31 
2320.96 2946.88 
2271.41 1543.35 
2433.27 2790.87 
3390.88 1823.51 
1797.99 1696.99 
1683.05 1772.39 
2782.63 2853.50 
2889.38 2336.81 
2602.44 2016.79 
2838.05 2407.01 
1779.53 1669.07 
1960.33 1486.31 
2342.63 2647.19 
1250.61 2329.66 
2183.98 3249.02 
2113.94 1764.52 
1885.80 3257.85 
823.04 1666.18 
1460.21 2276.19 
3054.41 2155.13 
2290.83 1997.36 
1507.84 1759.78 
1682.01 3067.55 
2328.40 1469.64 
1987.79 3559.26 
1570.20 2041.59 
3209.66 2065.69 
3020.19 2798.84 
1196.07 2046.64 
1325.37 1923.97 
117.11 1933.47 
1578.89 1480.42 
2059.18 3186.98 
2157.71 3477.41 
839.82 2127.29 
1079.81 3064.74 
2043.91 1326.44 
1768.15 1839.59 
1700.84 3097.09 
1975.26 3248.45 
2332.76 2704.83 
1655.99 3041.04 
617.45 2608.78 
1994.49 2582.54 
2265.81 1950.53 
1804.35 3554.40 
1331.82 3133.07 
2710.07 2554.81 
2603.99 1872.11 
2345.31 2776.48 
2584.53 1989.17 
2352.22 1943.98 
2418.94 3605.98 
1848.76 2238.10 
1921.07 3570.80 
1672.41 3223.47 
1097.60 2534.80 
1457.78 1767.06 
3235.51 2680.77 
1473.25 2605.42 
1827.06 3093.21 
1607.55 1460.45 
2384.41 2070.75 
1661.31 2490.94 
2595.05 2066.39 
2792.42 3234.46 
1807.84 3063.52 
2392.88 2281.80 
1783.19 3111.67 
1366.14 2988.81 
1794.73 1270.60 
1972.98 1878.96 
2655.06 2276.88 
3066.00 2235.08 
1586.68 3576.91 
2141.31 1347.13 
1639.78 2892.92 
1738.82 1825.62 
2241.39 3206.95 
590.47 2218.11 
2273.08 2834.50 
1189.72 2456.85 
2663.33 2226.63 
2388.75 3628.53 
3070.01 2366.80 
1285.36 3230.59 
1594.64 2617.35 
808.04 2278.84 
1536.35 2288.89 
1971.01 3196.48 
1855.84 3072.28 
2018.96 3325.37 
2326.22 2781.07 
1073.79 2428.01 
2155.87 2675.05 
1321.60 3392.83 
2308.65 1408.11 
2629.34 3449.12 
942.18 2935.51 
1058.24 1474.96 
1980.03 1516.76 
1266.18 3200.51 
1813.88 1454.35 
2597.55 3156.65 
1735.20 2430.71 
1772.99 1708.18 
1470.02 1507.96 
2191.07 1586.29 
2676.30 1445.25 
826.65 2702.67 
1554.19 3071.99 
2355.72 3377.66 
1375.88 2331.29 
1709.10 1543.65 
1969.60 3316.08 
1564.60 2270.62 
1923.35 2549.66 
2229.46 1849.73 
1411.24 1546.51 
1132.78 2136.14 
2315.42 2046.78 
1197.23 2806.44 
1744.86 1606.42 
1912.33 3570.18 
1139.64 3154.28 
795.17 2590.22 
1622.83 988.51 
892.50 2006.51 
2262.68 2440.32 
1213.85 1377.13 
1634.74 1960.42 
1767.45 1714.87 
2445.10 2155.25 
1635.03 1415.43 
1373.53 2839.32 
1696.58 2355.93 
1525.04 2846.74 
1650.75 3369.91 
1847.37 2926.88 
2768.39 1909.70 
1583.74 2321.37 
2667.98 2477.48 
1805.43 1697.24 
2429.86 1698.84 
1168.16 2701.30 
1297.63 2331.70 
2774.47 2802.54 
1520.17 1518.46 
1678.70 1502.84 
1531.42 1263.15 
2355.97 1739.99 
1325.52 3095.92 
2748.66 1880.15 
2488.59 1879.60 
2049.91 1786.16 
2319.68 3110.14 
2296.63 2018.64 
1098.22 2410.32 
1552.39 2012.29 
1398.52 1787.03 
3037.13 1686.94 
1999.14 1593.66 
1641.45 2262.99 
2992.58 1936.68 
1515.17 2430.82 
2095.12 1350.47 
1537.07 2477.03 
2849.56 2153.48 
2591.31 3208.24 
2882.82 2388.71 
1887.57 1888.69 
2760.58 2951.98 
2195.89 1989.15 
1416.40 2997.39 
1558.05 3052.59 
2047.92 3512.86 
1669.50 2244.06 
2839.11 2075.53 
1823.64 2804.77 
1501.50 1283.09 
2388.54 2044.03 
1960.58 1731.80 
1210.44 3434.70 
792.96 2015.07 
1447.15 3337.32 
1860.85 3351.15 
892.58 2796.31 
2455.44 1564.73 
1937.49 2844.22 
2724.71 2511.14 
1663.16 1743.38 
1756.56 1494.18 
1824.29 1250.06 
2208.88 3487.70 
1236.66 2864.26 
2611.41 1675.33 
2608.51 2572.54 
1756.10 2671.15 
1641.81 1234.13 
1646.85 1770.48 
2671.99 1455.76 
1304.98 1958.64 
1108.97 1738.77 
2307.97 3009.21 
1663.23 3038.76 
2267.80 3443.37 
1381.02 1565.43 
1212.89 3192.46 
1452.79 3085.65 
2598.87 1691.88 
2634.94 3394.85 
1814.81 2360.90 
934.19 1936.51 
2493.26 1885.55 
1682.77 1850.77 
2193.65 2027.79 
1661.42 2654.01 
1779.43 3240.23 
2154.54 2068.29 
2353.39 2102.70 
1773.28 3136.61 
1077.74 1757.39 
1498.43 1488.02 
1638.10 1585.49 
1876.89 2547.96 
1719.05 3162.12 
1409.38 1934.93 
2632.43 1202.46 
1985.74 1353.11 
797.25 2460.91 
1520.11 1833.44 
1193.97 3001.14 
2721.83 2522.05 
1151.77 1416.08 
1356.57 3705.93 
2571.32 2881.96 
2194.36 3010.00 
839.98 2655.40 
1689.56 2868.29 
1700.71 3378.47 
984.94 1672.66 
1514.87 2801.65 
2301.46 2959.46 
2028.30 1526.78 
1612.49 1254.80 
2003.44 1262.87 
1711.59 3046.57 
2782.46 1556.77 
1610.50 1729.04 
2431.75 2455.97 
1895.59 2575.87 
1295.03 1941.22 
1564.36 3207.02 
2897.99 3067.43 
2440.35 1763.11 
1059.93 3035.14 
1597.05 2696.75 
1957.53 3582.80 
1086.70 2329.14 
1858.71 2641.74 
3072.86 2495.87 
777.94 2565.06 
1819.46 2225.28 
2397.69 2827.49 
1328.97 1554.24 
2807.95 2039.40 
1235.99 1476.34 
2882.80 1707.10 
1003.24 3349.65 
798.03 2329.25 
1581.08 3330.73 
2685.87 1933.76 
2817.92 1348.22 
3265.63 1803.21 
2478.80 3560.17 
2762.38 1526.34 
1997.79 2799.83 
1433.12 3008.36 
3086.11 2089.29 
1532.08 2840.23 
1741.84 3602.80 
1268.92 2844.93 
2655.25 3076.84 
1182.46 1396.28 
2045.50 3034.01 
2414.34 3334.66 
2440.79 2468.63 
1613.91 2645.07 
2134.57 3239.34 
3423.90 2443.50 
1120.06 3124.25 
1410.20 2833.70 
3160.52 3005.92 
3409.23 2223.54 
735.26 3031.41 
1784.88 1869.51 
1262.89 1872.60 
2465.25 1517.83 
2580.26 2834.33 
1652.27 1573.79 
2185.45 2234.07 
1712.04 3324.83 
1600.36 3361.64 
2384.94 3355.77 
1434.29 2504.47 
1828.15 3758.09 
968.90 2301.00 
2397.51 2622.96 
2678.03 2550.24 
1304.42 2915.89 
2335.45 3616.98 
2693.52 3043.91 
1099.40 3419.54 
1844.96 1416.33 
1278.74 1542.53 
1323.49 2992.57 
2421.33 1272.26 
1224.35 2490.24 
771.66 1983.48 
1855.22 3563.76 
1585.07 2299.64 
2418.58 2396.10 
2364.05 3075.05 
1356.92 1113.20 
710.99 2427.96 
1845.16 1282.71 
1798.56 3968.61 
1931.00 2510.30 
1311.71 2458.86 
2285.36 3036.67 
1155.03 2795.09 
3019.64 1240.60 
2402.30 1240.51 
848.86 2076.57 
2187.20 3455.11 
2008.74 1295.23 
2948.88 1684.98 
2669.98 1763.35 
1908.13 3016.91 
2023.01 1395.42 
1635.27 895.70 
1576.75 2621.95 
2235.37 1693.44 
1910.52 3360.42 
2618.01 3698.26 
2182.27 2795.66 
1553.02 1714.72 
2902.00 3437.12 
3588.90 2411.04 
1498.51 3345.49 
1544.79 2222.05 
1882.12 3204.51 
1773.16 3578.42 
1534.42 2876.63 
3031.67 3541.15 
1714.75 1279.34 
1797.76 3114.04 
2505.91 2473.68 
2830.46 2112.34 
1720.59 2829.26 
640.33 2004.33 
1619.13 3552.33 
1973.47 3132.35 
2461.77 2916.40 
1337.87 3238.47 
2650.24 1733.93 
1118.17 2566.19 
2695.71 2000.41 
2974.07 2922.28 
2191.92 3676.56 
1875.70 3596.80 
2102.49 1490.25 
2145.81 1755.40 
2870.86 3459.80 
2327.59 3144.82 
2561.97 1354.06 
1614.33 1781.69 
1453.74 3138.28 
1543.49 2290.39 
2339.85 1709.48 
1761.89 3333.11 
1371.85 1875.25 
2605.91 2469.91 
1707.45 1483.52 
1567.33 3544.23 
2745.94 3549.17 
1585.91 1752.02 
1663.97 1267.26 
899.74 2874.95 
2365.19 3594.38 
1557.13 2440.10 
1174.60 3458.60 
863.54 3217.07 
1543.72 2533.38 
1113.58 2642.75 
2469.54 1817.45 
2162.37 2628.43 
1356.78 3513.04 
2471.63 1596.02 
2305.45 3524.32 
1811.57 3341.93 
2539.66 1762.61 
2237.97 2278.26 
2275.03 3663.92 
1496.82 3766.59 
1197.24 1982.80 
1620.11 1552.85 
2009.06 3048.81 
1968.17 1470.49 
2661.13 2646.91 
2096.48 2804.32 
1857.24 2966.61 
1229.68 3466.11 
2187.44 2846.84 
1263.58 1672.98 
3221.35 2146.84 
983.11 3318.66 
562.22 2507.64 
2397.78 2645.58 
2254.58 1512.68 
1556.80 1770.39 
1696.29 2351.84 
1863.28 1273.75 
2421.50 1957.48 
1785.67 3347.44 
807.70 2542.59 
2709.35 1821.88 
1672.49 1951.46 
2714.99 3571.56 
1767.01 3034.91 
2604.27 1817.67 
2855.02 3192.02 
2590.80 1898.61 
2922.16 1766.86 
1399.90 1732.48 
3345.00 2924.36 
1475.26 1852.44 
2174.58 1670.37 
1664.54 3069.06 
1337.79 3481.42 
2436.26 3366.06 
2212.79 3227.85 
1556.71 3000.52 
2515.54 1489.98 
1598.07 481.63 
2161.68 3700.54 
3383.56 2055.98 
1670.03 2055.27 
3177.91 1953.34 
2596.67 3012.01 
1606.07 1781.17 
1003.84 1886.55 
1099.82 3094.54 
1384.53 3572.23 
2545.69 1347.31 
2484.44 1547.84 
2159.34 1559.68 
2450.54 1051.99 
1549.51 3353.58 
2220.10 1905.40 
1752.18 1040.87 
1814.76 2520.13 
2410.73 1730.00 
2187.34 3072.71 
818.58 1399.84 
2587.23 3721.35 
2448.90 3583.14 
2057.06 1506.62 
2698.75 2837.91 
2126.73 1569.53 
1666.97 2263.24 
2356.37 3124.47 
1722.00 3569.51 
1937.16 1055.17 
2527.20 2832.20 
2358.65 3651.66 
3233.51 2230.44 
1512.81 2340.19 
1863.73 1763.94 
1912.17 3742.65 
1174.30 2871.90 
1672.72 1480.27 
1374.89 1771.39 
2568.96 3493.10 
1326.81 2043.52 
1389.05 1515.06 
3170.05 2912.06 
1688.50 3201.04 
2260.11 3047.50 
854.51 2376.82 
2119.15 2481.91 
1681.77 3346.99 
1076.18 2503.88 
1324.04 1988.26 
695.62 1879.93 
2633.47 2122.76 
2578.11 1413.05 
745.67 1952.80 
1962.50 3093.11 
1006.55 1847.32 
1298.99 1573.70 
3231.75 1988.25 
1667.22 2158.62 
800.33 3124.47 
1860.98 3015.20 
2652.26 1425.47 
1773.50 1238.01 
1322.24 1605.16 
2798.09 1317.13 
2947.95 2492.65 
1845.42 1239.01 
2468.55 2966.63 
622.75 2025.90 
1173.92 3132.99 
1660.99 2617.49 
1394.17 1700.19 
2259.05 1398.38 
2366.96 2875.63 
1447.68 2399.45 
1677.54 2594.37 
2327.57 1438.36 
1884.68 2674.82 
2664.55 3130.14 
2127.59 1888.14 
1061.36 2216.52 
1268.81 2675.57 
1964.61 3752.87 
3296.10 3054.56 
2012.42 1354.34 
1442.73 3758.50 
1583.63 1275.90 
2446.10 1487.95 
1232.31 3222.68 
1730.26 3076.22 
2523.05 1732.07 
2575.70 1865.94 
1155.10 3427.25 
1856.66 2027.82 
2409.69 3102.17 
1849.31 2566.84 
2710.85 1516.42 
2970.73 3338.42 
1323.64 2149.69 
2277.45 2664.63 
957.29 1267.58 
2125.32 4128.16 
1596.12 2793.47 
2561.50 3228.99 
2121.80 1315.57 
1294.38 2035.97 
1751.00 1673.54 
2981.45 2617.77 
2808.04 1967.97 
2049.72 3084.34 
3063.80 2547.97 
2830.01 1422.24 
1693.22 1246.46 
3262.58 2378.04 
1424.16 1884.98 
2240.11 1367.10 
2213.76 1360.70 
870.71 2765.42 
558.54 2640.25 
2260.95 3865.72 
2222.31 3652.68 
2633.33 1394.42 
2857.14 2101.87 
1759.08 1763.03 
1384.47 1886.68 
2307.92 2300.57 
2813.48 2783.57 
1974.11 1283.94 
1359.87 2299.99 
1285.45 1928.46 
2966.05 2971.90 
1844.10 2899.95 
2447.05 2215.75 
1578.90 2002.59 
2503.83 2058.55 
3208.04 2834.77 
1248.79 3498.20 
2351.33 1230.45 
3083.05 1748.55 
2129.60 2047.91 
2872.26 2311.27 
713.38 2999.96 
2395.13 3571.44 
2472.50 1282.08 
1628.17 1761.03 
2006.41 3123.01 
2212.69 1820.98 
1690.21 3594.07 
1638.37 2843.69 
1691.14 1511.64 
1482.34 2158.09 
3217.73 2783.53 
3341.20 2641.10 
962.76 2965.86 
2661.50 2599.28 
2202.18 940.57 
2608.11 2812.53 
1360.54 1669.29 
821.20 2672.10 
1455.03 3191.09 
1560.45 1242.05 
2761.32 1361.32 
1796.11 3783.83 
615.13 2790.56 
2190.60 2905.39 
2181.25 2461.94 
2684.40 3594.45 
2305.92 3794.29 
1229.90 1592.63 
1898.38 1722.34 
2841.92 1433.90 
917.75 2513.10 
1479.62 3314.69 
2017.88 3535.83 
1079.79 3388.15 
2128.11 3500.52 
1380.51 1700.91 
2647.09 1276.87 
3174.97 2694.13 
3078.21 3165.10 
2209.44 2993.75 
786.01 2377.81 
2110.71 1998.25 
1620.18 2421.56 
3180.60 1552.33 
1097.65 2301.47 
1431.95 2958.11 
1008.83 1519.42 
2628.90 1553.60 
662.14 2856.45 
2036.50 2944.43 
1303.28 3505.25 
1508.09 1859.94 
644.87 1929.15 
1894.58 1293.26 
572.50 2591.98 
2534.69 2950.79 
2563.24 3128.87 
2091.79 1336.57 
2143.99 3904.77 
2203.52 1454.26 
2602.97 2683.10 
3035.73 3807.25 
2377.41 1448.09 
1623.10 1493.42 
2238.33 3465.31 
1881.28 3221.92 
900.34 1956.52 
3037.46 2699.62 
927.94 1554.23 
2330.64 3112.62 
2125.07 2151.73 
2650.73 2574.40 
3251.16 2576.02 
2950.18 1431.96 
1547.51 2015.11 
1251.79 3252.59 
2059.96 1113.40 
1307.79 3383.94 
2690.75 1486.21 
2131.05 3724.52 
2935.15 1899.69 
1191.34 2236.14 
3084.08 3113.56 
2746.72 2292.28 
1772.19 2215.11 
2741.74 3605.98 
1275.77 2922.13 
900.56 2992.06 
878.38 2844.35 
2375.40 2280.87 
1580.09 2092.00 
2135.83 2305.76 
1809.38 1350.12 
1604.17 3782.87 
2859.30 2817.32 
2036.71 1513.73 
1292.99 2779.98 
2403.49 2356.87 
1662.23 3316.71 
1989.53 1328.76 
2098.24 3522.75 
1446.82 2977.45 
2198.73 3916.88 
2210.39 1388.23 
2347.94 1754.77 
1491.84 1538.40 
1829.01 1880.05 
1120.01 1435.38 
3651.77 3055.38 
1972.26 3935.17 
3257.33 2391.27 
1089.01 1455.30 
1676.31 4015.22 
3154.79 1943.47 
1603.52 3080.19 
2175.35 3879.24 
2045.15 1250.51 
1376.85 1345.31 
1778.04 3073.88 
2686.90 3094.10 
2161.80 1892.58 
3037.47 2848.58 
2771.73 3785.25 
2553.37 1587.32 
1190.22 1595.86 
2281.42 1188.36 
2860.49 3140.07 
2214.54 3711.18 
1628.61 1491.37 
1484.44 1677.82 
1149.87 2792.84 
2163.27 3337.47 
1685.96 2999.01 
2441.66 3062.44 
1294.38 2611.33 
2692.46 1478.56 
1750.20 2901.12 
1846.35 3061.32 
3044.16 2235.15 
1751.62 1544.54 
1411.41 2665.59 
1348.24 3702.20 
1168.39 1563.04 
2715.06 2939.66 
2449.90 3013.64 
1966.53 3144.03 
2239.01 1595.45 
1462.12 3793.19 
2554.85 2397.82 
2340.85 2518.32 
2109.68 1123.44 
2038.44 1430.10 
1130.87 1955.65 
3163.19 2962.94 
2614.42 3326.06 
678.40 1830.39 
935.92 1792.76 
1989.41 3347.68 
1886.05 3539.91 
1376.04 915.50 
2474.45 1752.24 
1144.83 1200.52 
1980.66 3069.13 
1274.27 1337.36 
1702.38 2223.72 
1874.35 3568.16 
2817.69 2641.80 
2421.58 1809.30 
2502.86 2468.92 
2313.78 3059.20 
1068.11 3647.61 
1255.89 943.34 
2309.16 2529.68 
1560.06 2393.95 
1363.74 3562.03 
2833.14 1862.80 
703.03 1828.65 
2219.68 2838.18 
1938.33 2930.12 
2017.14 1797.82 
3232.25 2575.71 
2573.58 3059.62 
1396.85 1305.62 
1762.67 2004.59 
1557.06 2549.16 
650.22 1953.30 
2890.24 3117.65 
3092.61 1577.96 
3320.32 1826.45 
1804.08 877.73 
3064.95 3518.07 
1473.26 2086.16 
2894.63 3339.29 
1914.49 2653.21 
1726.12 2780.18 
992.70 1934.63 
3145.70 1842.06 
3138.07 1489.16 
2260.31 3383.28 
975.73 1867.38 
2706.90 2888.32 
646.76 2057.12 
2934.59 3610.30 
1004.03 3025.84 
1543.32 2794.31 
1800.76 1900.04 
941.65 1886.52 
2443.81 1974.96 
1497.48 1884.19 
1691.99 1724.87 
2846.20 3139.75 
1755.20 2130.95 
1598.90 1901.19 
2732.37 1829.07 
2163.21 2128.05 
1969.21 2565.39 
1698.19 2666.89 
2407.04 1773.82 
1524.64 1390.96 
2100.75 3066.92 
1085.71 2581.78 
1883.20 2047.51 
364.00 2708.49 
2494.91 3593.95 
3003.73 2016.08 
884.39 3247.98 
2408.16 3804.23 
2094.81 2902.31 
2632.62 2922.97 
2149.56 3533.36 
2359.46 2655.04 
3001.78 1577.39 
1720.40 2702.64 
1615.94 1035.02 
2397.88 1041.88 
2300.97 2414.09 
2014.69 1901.34 
1304.48 1317.10 
2429.61 2333.50 
1944.25 3172.57 
870.57 3503.03 
1212.67 2596.70 
2541.32 2592.10 
960.64 1534.05 
2239.70 4254.18 
2533.76 1557.26 
944.15 1434.53 
2338.46 2151.28 
2229.39 1915.19 
1194.73 3052.71 
1586.06 1057.02 
2102.32 2939.90 
2923.60 2416.19 
1333.01 3743.23 
2149.70 929.80 
2040.48 3101.14 
1941.97 3012.59 
1663.46 2881.69 
2017.04 3762.92 
3611.51 1117.31 
1665.14 2268.88 
2294.42 1894.83 
1365.26 1161.89 
2425.30 3549.24 
1793.54 2108.04 
1269.32 1119.69 
1313.52 3709.64 
1938.70 2910.02 
1243.76 1356.67 
1163.53 2432.77 
803.77 2593.69 
2788.77 2929.13 
890.91 1307.57 
2789.05 1939.26 
1073.79 1799.00 
1267.36 3357.91 
1129.32 2277.93 
972.15 1182.29 
2261.62 976.86 
1263.10 1761.73 
2054.58 3136.03 
878.66 2404.86 
1240.50 2042.72 
2241.58 973.60 
1179.01 1952.42 
1115.40 2689.22 
2483.61 3068.01 
2004.49 1522.58 
1591.38 1788.83 
1983.44 1504.90 
2366.80 2550.35 
1731.29 3356.01 
1381.27 1805.42 
1827.39 2852.69 
754.84 2630.59 
1631.39 3339.07 
2316.05 3877.96 
1242.07 3054.68 
2453.99 1948.74 
2920.83 3094.94 
1110.31 1751.21 
1508.61 2551.52 
1642.32 2491.51 
2665.85 2353.22 
2631.50 1798.69 
2161.71 2037.92 
2422.96 3206.28 
3330.99 1996.00 
1591.72 482.59 
2296.76 1683.32 
988.86 3437.69 
1846.18 1489.05 
1395.69 1402.94 
2150.53 2470.84 
2466.01 3344.92 
2798.87 2017.80 
1531.94 1042.58 
1440.08 1527.10 
2317.08 2082.21 
3435.10 3202.86 
1858.80 3076.71 
2406.30 2598.48 
737.87 1438.10 
1700.69 2230.73 
2834.15 2808.78 
603.69 2110.38 
1406.41 2799.83 
2603.19 2335.35 
2823.23 2303.28 
1502.64 1709.69 
3713.70 2857.82 
2170.36 2524.68 
1637.33 3756.83 
2037.62 1596.76 
2366.40 3488.07 
2618.58 2115.22 
2491.54 1313.64 
1345.43 3337.58 
1060.12 3357.01 
3075.69 1394.23 
3242.66 3236.22 
1530.65 3322.47 
1656.95 1482.21 
401.32 1980.52 
2324.22 2112.17 
2310.04 2655.82 
2048.14 3738.64 
2519.36 2523.48 
2705.34 2474.40 
1846.35 3095.64 
2802.98 1586.95 
1885.74 3951.67 
1612.95 1885.65 
2091.81 2890.88 
1159.04 3184.12 
3068.35 3462.44 
2938.51 2780.80 
768.19 3430.53 
2258.02 2007.71 
2936.90 3879.71 
1359.30 2912.12 
2407.47 3388.14 
1978.37 2518.48 
3074.83 2621.98 
1994.10 1719.52 
1586.13 1704.32 
2051.16 3025.16 
3360.01 1528.31 
1878.26 3153.79 
1194.24 3490.03 
1849.85 2809.46 
1421.37 2707.02 
1837.89 1687.14 
2280.71 1981.94 
2014.74 929.11 
2262.15 1904.54 
1472.82 2625.66 
3297.25 1792.96 
2935.90 2995.15 
1679.99 3383.96 
3415.47 2499.60 
1418.47 1413.62 
1880.68 3767.67 
2267.77 2537.70 
2776.24 1477.57 
1147.85 2356.34 
2444.90 3367.98 
3722.30 2802.11 
1264.80 1898.15 
3023.17 1903.28 
1557.61 3638.56 
2546.45 1800.86 
1508.07 2307.11 
2298.10 4268.05 
1425.89 1585.22 
2327.78 1731.46 
1178.76 2777.22 
1853.02 3978.78 
2590.10 2143.37 
1986.00 3788.44 
2724.19 1275.80 
2450.11 2101.73 
1708.55 2076.67 
1545.65 3960.10 
2871.82 2810.54 
2871.48 2529.77 
1462.87 3528.35 
1448.55 1270.42 
2463.01 1852.21 
914.29 2827.06 
2036.46 4144.48 
1954.38 1262.37 
2647.92 3052.90 
2964.69 1189.80 
1882.90 1690.45 
2214.35 4112.76 
3138.40 3361.99 
2508.17 1741.79 
2508.80 3537.68 
2856.99 1410.23 
2679.83 3651.86 
908.31 1959.63 
2235.23 1590.12 
3081.78 2443.24 
1459.79 1567.67 
1821.51 2586.02 
1501.54 3593.40 
2407.04 2429.69 
2023.76 1294.38 
958.57 1824.18 
2871.25 1969.30 
1953.48 2148.00 
2652.44 2694.80 
1272.79 2705.11 
2284.47 1717.08 
1820.05 4006.41 
2839.90 3482.78 
3083.86 1769.94 
3090.21 1313.32 
2289.42 2848.62 
1812.58 2778.59 
1796.97 1890.20 
3455.16 2564.91 
1800.86 4169.38 
1064.34 2551.36 
3249.87 2987.31 
3410.69 2684.86 
942.69 3257.03 
3055.21 2599.13 
1020.41 2363.09 
2274.61 3640.87 
2620.08 3186.51 
2543.75 3174.19 
991.98 2044.45 
2615.82 964.14 
2907.15 3383.10 
367.83 2144.24 
1234.54 2303.94 
1262.75 2651.47 
1765.09 3996.54 
1791.21 1317.01 
2167.28 3942.04 
1664.69 1122.54 
1406.13 1552.71 
1334.56 1296.96 
562.65 2371.54 
1224.10 1283.42 
1516.35 3801.37 
2568.36 1828.87 
2301.38 1220.76 
2695.59 1155.40 
845.68 2380.02 
2499.46 1458.08 
1624.66 3083.25 
1554.87 2243.34 
981.04 2637.36 
2405.26 1797.68 
1860.55 2040.00 
2405.18 2908.12 
2862.29 1684.07 
2174.55 3446.62 
459.33 1852.11 
2057.95 1457.86 
2548.18 2910.74 
1290.47 1842.40 
2225.55 1537.71 
2345.75 3320.35 
973.78 2052.28 
2356.77 1598.50 
803.74 2670.63 
1500.51 2375.22 
2298.59 2801.08 
1110.62 2787.99 
2493.72 3038.80 
2326.25 1885.34 
3354.37 2076.05 
1066.21 1978.30 
2784.45 2946.25 
1911.19 3181.63 
3039.58 3240.05 
2936.39 3158.59 
1723.71 1346.41 
1129.21 1848.35 
2671.21 2144.94 
1434.47 3944.12 
3482.78 3068.80 
2511.27 2628.74 
1978.86 1442.73 
2269.22 978.35 
3081.89 2681.77 
1333.81 2585.50 
2486.32 2944.16 
732.24 2525.03 
506.57 3130.64 
3229.40 1332.97 
1398.09 3972.94 
1792.11 1908.92 
1965.34 2680.07 
2575.20 2038.69 
1727.30 2690.50 
2630.91 1704.47 
714.85 1462.20 
2674.42 1142.39 
2796.85 2816.52 
2038.86 3569.69 
956.75 1853.61 
2282.19 1581.49 
2658.19 2686.12 
1359.01 1330.27 
1688.69 3035.33 
2436.36 2263.64 
1776.20 3189.14 
2230.00 3543.67 
1129.96 2284.03 
1600.78 3968.90 
1366.36 4137.16 
2903.89 3903.73 
1538.97 2603.00 
1056.19 2347.09 
2482.58 2042.41 
1670.08 3170.12 
1253.88 1934.04 
1181.95 2462.17 
1498.90 2673.39 
1945.75 1453.40 
855.40 2079.69 
2460.86 3468.50 
2685.87 2501.37 
2792.89 2904.41 
3309.41 2226.45 
3013.92 1576.05 
2029.75 2788.19 
1321.88 3929.32 
1843.65 2619.61 
1245.54 1331.90 
2730.71 1547.39 
1813.07 1499.92 
2186.47 2880.69 
2867.15 3714.76 
1295.17 1752.45 
1597.36 2551.36 
1369.34 2634.85 
1782.45 2946.47 
1163.17 2541.00 
1572.79 3101.26 
1470.85 3750.52 
1176.06 2433.58 
812.79 2056.85 
2929.73 3045.63 
1952.26 1437.11 
2639.72 2974.06 
2235.75 1445.72 
1140.32 1721.32 
1119.45 3409.94 
2648.77 3674.75 
2486.36 2648.44 
1264.96 3921.93 
1284.57 2379.60 
2751.46 3000.12 
2425.77 2457.77 
1793.21 2605.43 
1230.84 1993.91 
2685.91 1707.97 
1791.53 3456.61 
2777.23 3527.29 
2634.48 2287.15 
833.37 2705.06 
1106.32 3621.76 
3288.79 3734.32 
1490.34 3951.90 
1073.08 2538.37 
2260.14 2641.73 
2019.35 2854.61 
1234.98 2296.08 
1410.30 3520.36 
2596.61 929.80 
502.24 3047.16 
2705.21 1243.94 
3242.50 3546.67 
1419.13 1762.77 
3284.41 3058.33 
2803.31 3761.31 
1202.00 3694.95 
2333.83 1914.37 
1177.31 1834.01 
2979.38 4082.36 
2990.44 2069.84 
1593.58 1411.31 
2148.24 4269.84 
2868.93 1283.55 
2993.05 1545.07 
2900.69 2418.00 
1788.16 3401.22 
2537.15 1837.77 
1876.10 3100.84 
459.95 2357.62 
1981.97 3337.29 
2189.91 4072.52 
2746.18 1350.92 
1326.11 3147.99 
690.99 2968.44 
1605.16 2935.70 
467.78 1799.06 
2556.46 3744.72 
1901.88 3803.34 
1377.04 2673.96 
2588.98 3164.18 
1554.28 3601.20 
2301.04 1754.19 
1526.39 2383.89 
1678.44 2969.52 
2681.13 2433.48 
1385.25 3017.36 
3134.80 3416.33 
2384.30 1178.09 
2984.56 1794.33 
1411.34 2880.90 
2594.32 1137.47 
583.77 2128.87 
1550.74 3774.60 
1509.24 2357.60 
2172.55 2818.66 
1995.73 3727.97 
1229.67 2788.13 
2378.02 3409.99 
2942.56 1353.13 
726.10 3366.80 
594.16 2077.61 
509.64 1911.16 
2823.61 2540.24 
2375.51 2638.19 
1559.84 1421.79 
3476.08 3122.24 
2253.50 3328.44 
1591.26 1166.65 
2645.06 1586.30 
2217.19 3434.51 
2294.89 878.50 
2101.91 2852.24 
2914.73 3050.79 
582.47 2675.08 
1639.05 2067.31 
831.19 3372.80 
2100.58 3749.14 
3554.39 3330.36 
2385.22 2282.06 
2423.88 2336.67 
839.05 2076.79 
1881.93 1306.61 
2941.27 1794.66 
2415.77 1508.73 
1430.19 3592.17 
1613.82 1732.63 
2459.60 2006.09 
2300.19 3134.60 
1125.75 3654.64 
529.85 3461.01 
1258.24 3702.12 
2090.50 1726.51 
920.89 1606.61 
2686.31 1211.86 
2956.50 1973.11 
2472.28 2607.58 
1194.70 3105.52 
1807.12 1772.88 
2241.59 3222.27 
596.96 1995.02 
672.17 2087.77 
2416.25 3154.13 
2358.66 623.19 
2664.06 2708.50 
2632.52 2619.45 
1260.72 1467.67 
2185.13 2790.59 
2614.37 3905.94 
780.67 1736.55 
2012.16 3700.29 
1315.53 2104.60 
1480.57 2654.68 
2579.13 3739.93 
2651.72 2148.63 
2787.48 2550.34 
1937.52 2507.15 
1939.95 3338.19 
2402.61 3051.22 
1553.92 1296.04 
1372.30 3712.88 
1336.84 2527.02 
1076.47 2377.09 
1565.60 1227.86 
2602.37 2798.00 
2600.91 2777.69 
1563.90 2933.20 
2323.71 1358.45 
1760.63 2138.84 
1992.76 1148.53 
746.99 3398.77 
2130.37 2920.64 
3097.00 1425.91 
2331.79 3213.91 
3236.87 4075.52 
2303.48 611.12 
3282.39 3061.95 
2612.17 2214.90 
2526.47 2792.26 
3395.85 2903.70 
430.01 2947.16 
1853.27 2919.18 
2192.21 3198.43 
3050.37 2021.76 
1361.75 3708.23 
1406.70 1851.25 
1669.17 1048.45 
883.72 585.45 
2650.10 2358.61 
1059.25 1687.08 
1295.54 2950.82 
3202.12 1584.15 
1471.86 1036.21 
1468.89 3785.61 
574.84 3228.09 
331.79 2304.03 
1676.98 3330.52 
2939.84 1798.33 
3130.00 2862.41 
1115.28 1743.70 
2838.81 3953.24 
1510.38 1959.92 
1527.57 2261.85 
2552.03 3168.44 
2985.33 1541.46 
2443.86 3258.85 
1580.85 1898.38 
2275.97 2433.26 
1608.57 2447.26 
3541.21 2879.00 
1345.82 2797.03 
2046.38 905.65 
1565.38 3022.13 
1640.64 997.79 
3634.70 1022.69 
2319.30 3454.38 
1424.28 4145.19 
1504.06 1358.25 
1947.25 2025.98 
3339.21 2873.85 
1156.69 2114.44 
1658.66 2689.66 
957.66 2888.21 
2965.42 1968.25 
141.09 2687.14 
1112.84 1221.77 
3277.09 3522.38 
2691.61 2689.38 
2277.03 1990.83 
1528.64 1337.37 
2680.91 3236.73 
2213.92 757.41 
405.88 2913.05 
2938.76 3360.82 
2096.68 2059.38 
331.42 2446.89 
882.88 2857.59 
2464.99 2985.08 
1814.25 1985.51 
2401.51 1764.44 
1619.67 2279.27 
1019.33 2137.80 
1830.99 3373.55 
607.28 2587.67 
1987.55 3410.81 
2598.93 1957.79 
1283.65 2150.10 
2937.94 1256.26 
1384.13 1882.15 
1556.87 2015.39 
1504.04 2123.04 
1569.85 2271.91 
2398.17 2476.56 
2389.52 1966.99 
3640.20 3164.17 
882.34 2057.69 
1052.42 1767.70 
1744.52 1259.63 
2764.41 1051.11 
384.84 3349.62 
2696.41 2595.69 
1887.76 2670.80 
3488.68 3015.81 
2332.31 1197.82 
1351.93 1585.89 
1804.27 2385.15 
2299.75 2922.09 
2846.48 1979.41 
3070.63 3722.99 
1944.83 1303.73 
398.12 2828.99 
993.46 1515.08 
3549.37 2825.07 
1467.97 1177.43 
1736.11 2915.78 
1667.35 2259.15 
1589.95 1504.25 
2405.53 2624.95 
766.18 2673.02 
3393.51 2790.82 
2647.28 3025.76 
922.99 3226.58 
1213.25 2228.09 
2248.34 598.69 
812.66 2802.77 
2835.06 3737.86 
2745.72 1864.79 
2695.27 3351.52 
2099.67 2798.89 
1455.45 2578.09 
2021.13 745.90 
1324.53 3044.59 
2375.63 2925.82 
1825.42 1386.44 
1853.04 2516.12 
3168.28 1799.04 
1303.05 2865.38 
2155.30 3334.17 
2212.24 1953.83 
3156.55 3012.75 
722.39 1540.93 
1599.96 1511.01 
1848.62 3794.13 
2729.23 1850.80 
2249.94 803.02 
2281.80 3663.23 
1888.03 866.86 
1657.53 2876.78 
1550.62 3636.39 
3352.63 2872.21 
3015.54 1298.62 
3457.75 1743.11 
1769.98 1830.97 
2355.61 1326.30 
1070.66 2349.66 
709.79 1832.44 
2288.33 1574.36 
1754.73 2008.68 
2656.50 2401.94 
2866.35 2489.32 
2361.02 3574.96 
2614.21 3202.79 
1599.36 2662.18 
2641.83 1122.95 
1360.15 2281.50 
1621.99 3109.49 
1796.58 1225.03 
2028.36 2408.76 
3035.21 1256.40 
1791.08 851.53 
823.58 1346.00 
1462.54 1475.57 
1570.32 3367.55 
1146.94 3431.28 
1774.41 2698.78 
1975.51 3008.85 
1719.14 2615.47 
2223.92 969.89 
1751.15 2824.40 
2136.24 1840.06 
723.88 3668.34 
1460.48 3257.19 
1507.96 1710.78 
2677.05 4078.93 
1801.26 850.20 
1082.16 2505.82 
2179.36 3510.40 
2985.29 2460.50 
2907.03 4132.77 
1886.05 1043.32 
1302.45 2154.00 
1794.47 1993.91 
1808.93 2949.48 
3333.01 2307.45 
3706.16 2912.85 
2823.54 1150.80 
1304.95 2964.94 
1890.90 4150.31 
2545.70 2853.04 
2855.27 2106.45 
1453.00 3744.14 
2838.93 3596.70 
2562.75 1380.02 
3362.51 2023.95 
1283.74 3473.73 
2230.55 1177.76 
2047.80 1557.17 
1718.64 2997.09 
1566.84 2994.52 
3025.42 4065.12 
1436.19 2923.69 
2244.97 3687.38 
2581.28 1384.70 
661.00 3568.89 
510.89 1398.72 
2347.25 1809.98 
2248.24 1800.55 
3243.85 2628.61 
2874.69 2438.78 
2691.80 1704.83 
1969.55 2969.07 
1055.34 1585.11 
2468.30 2585.68 
2280.37 1371.95 
2487.67 4170.47 
1983.43 3356.33 
2011.67 1432.48 
2659.78 3427.36 
633.44 1966.09 
1388.58 1310.41 
1458.53 3352.91 
1089.60 2008.50 
3069.10 2630.45 
2441.30 1304.18 
1321.37 3690.73 
1578.05 1799.50 
494.84 1967.61 
2187.99 1279.40 
1646.67 2883.75 
3066.90 2672.98 
1850.48 3017.52 
1808.68 3164.31 
3045.71 3188.16 
3412.67 2363.19 
1922.67 812.26 
2276.10 1714.55 
1570.67 1131.50 
2762.34 3256.40 
1608.12 1740.44 
1248.99 4122.95 
1355.05 1905.38 
1174.84 2923.20 
981.18 1855.78 
3601.10 3192.84 
1229.16 4084.99 
1751.17 3004.32 
1230.94 1145.42 
1256.77 2892.64 
1596.99 1315.25 
2759.77 2442.38 
2794.40 1758.46 
2143.01 3065.54 
3398.70 3228.75 
1846.95 2968.43 
2324.67 3100.72 
2959.50 3458.91 
650.50 1907.22 
970.59 3575.18 
3259.28 2522.76 
3434.11 3576.73 
2169.93 964.00 
2502.13 2891.81 
990.02 3608.10 
1566.16 2989.44 
2139.40 3084.73 
2690.90 2106.12 
1949.37 1772.00 
1442.21 1847.98 
1557.48 1281.80 
993.37 2152.27 
1101.68 1463.82 
2646.01 3881.38 
1878.99 1476.83 
2650.27 2352.64 
1356.56 2303.72 
1065.05 3115.16 
1408.36 3583.01 
1257.26 1508.77 
1395.49 3329.34 
1401.76 3027.58 
2812.72 1882.66 
1428.49 918.43 
1874.28 1260.53 
1854.88 1783.18 
1248.99 2816.65 
2758.01 2141.47 
1354.01 3412.44 
899.70 3046.82 
2106.43 732.97 
1385.18 2122.92 
1404.84 2336.88 
882.71 2234.13 
2468.43 874.48 
1212.44 3132.94 
1525.76 3116.86 
319.02 3162.33 
941.17 2417.62 
1436.60 2991.58 
2230.83 1982.64 
2744.67 2251.20 
2552.13 2839.13 
1433.93 3736.67 
2740.23 2677.95 
749.79 1443.16 
1003.15 1958.44 
903.34 1116.30 
1421.47 799.55 
1654.78 3909.37 
1971.69 945.24 
2765.37 2829.96 
2802.47 3559.80 
3710.39 2023.36 
2203.20 3067.01 
1542.74 2866.11 
1390.03 2213.86 
1352.28 3777.50 
916.69 3182.56 
211.86 2936.97 
2306.50 2524.91 
3603.93 3634.06 
2443.11 3723.85 
2344.65 2151.16 
2568.42 3178.51 
2561.12 1160.48 
3140.59 2917.08 
3442.43 4124.44 
1236.74 2345.68 
1227.69 2029.91 
2226.15 2100.92 
1872.27 1569.39 
792.83 3229.48 
2878.91 3953.27 
2338.04 3202.44 
1284.97 2440.41 
1135.49 3395.63 
1904.89 2650.21 
1273.01 1911.37 
2877.64 1441.88 
2230.20 3118.08 
2004.74 2495.79 
1147.01 1669.30 
2561.58 3685.76 
1601.60 1521.37 
353.87 2622.30 
2400.29 2426.19 
2803.44 3579.48 
2053.93 3033.29 
1433.32 984.45 
3137.61 3675.74 
1626.77 2146.66 
750.07 1438.95 
2861.89 2232.90 
2158.20 2900.63 
1972.73 1295.13 
862.31 1868.16 
1570.41 3809.10 
1593.57 1474.20 
1576.91 2315.94 
830.65 1351.89 
514.10 2019.47 
3037.65 1458.82 
1827.98 1204.46 
1516.78 2309.06 
2576.95 2586.87 
3575.47 2660.60 
1428.04 1487.28 
2520.88 1293.83 
2746.99 2109.09 
1746.60 2216.20 
1372.69 2653.71 
468.77 1467.67 
3082.84 2570.75 
837.04 3380.41 
3323.33 2538.17 
2732.54 2321.93 
1329.06 1832.19 
1606.23 3609.77 
1092.83 2417.80 
1941.68 2584.71 
718.14 2151.03 
133.12 2453.28 
1154.71 3225.97 
1941.62 881.26 
1647.58 2260.75 
2456.50 1717.92 
2778.90 1285.47 
2861.23 1584.42 
2177.72 3075.55 
429.96 3639.48 
3397.12 2827.63 
3419.86 2939.85 
2103.92 1761.09 
449.58 1904.93 
1444.56 4183.86 
1683.12 3497.40 
529.38 3163.57 
1212.44 2117.88 
1926.20 3007.41 
362.09 2984.26 
2522.70 884.80 
978.63 2918.21 
595.27 3560.11 
1342.21 2279.73 
1484.04 2053.92 
1455.39 1042.61 
1545.78 2216.31 
1596.13 4170.44 
1728.75 1512.57 
1286.90 2237.41 
1932.85 1234.41 
179.44 3319.52 
2644.78 2400.34 
2162.45 1606.18 
1824.45 1209.26 
2700.32 1899.53 
2826.95 1248.35 
749.29 1763.85 
1186.36 2020.78 
1793.04 3611.83 
3156.46 1922.49 
1719.69 3126.27 
1365.31 2080.22 
2390.47 4253.36 
1482.10 3560.56 
2335.85 4071.23 
1503.96 3064.29 
1626.48 3657.56 
2668.12 2550.40 
1932.52 2631.13 
1562.41 2250.68 
881.64 2912.58 
1987.04 3609.99 
3828.19 3093.55 
2893.04 2043.13 
1964.40 2555.00 
1741.44 2861.15 
2859.15 1126.91 
910.91 3567.69 
2272.55 3496.64 
2255.23 2964.60 
1875.57 2591.11 
1533.64 2973.11 
1154.52 3105.17 
2766.11 662.76 
3187.71 1267.54 
2326.34 996.98 
1243.46 1929.46 
2278.42 4058.06 
1158.48 3220.23 
2665.78 1902.68 
2026.46 3945.57 
2383.21 1208.12 
2580.66 4158.62 
2786.32 2557.59 
1957.39 1565.64 
1235.50 2314.16 
1329.46 1539.01 
2796.23 1391.05 
1952.00 1536.16 
1307.61 4129.85 
2565.23 3008.40 
3318.20 3386.87 
1926.68 3571.42 
1621.53 2643.60 
2060.65 1287.32 
1680.58 2561.24 
2689.83 1792.69 
1638.58 3585.34 
2178.86 961.98 
1215.49 2539.00 
2561.23 954.02 
979.97 2032.36 
2503.86 1464.79 
1621.26 4006.22 
832.37 3106.63 
2943.26 1171.35 
787.16 3675.44 
1200.10 1261.96 
603.80 2081.53 
1493.48 1828.70 
1296.11 1456.31 
3138.54 2403.64 
970.98 3790.52 
3037.58 3746.92 
1073.86 2248.52 
1781.57 852.16 
778.88 3093.30 
1709.34 4188.86 
1235.34 2319.27 
1949.22 1802.77 
1376.02 3545.21 
487.61 2388.71 
2511.12 1344.59 
2648.30 2452.47 
947.57 1889.73 
2559.48 2830.65 
2391.66 2859.12 
947.92 2937.05 
2058.32 1869.06 
1717.00 695.91 
2607.94 2094.63 
1208.93 4153.67 
2542.44 1323.34 
1593.29 1581.79 
1341.35 3699.10 
991.02 2155.71 
2015.97 2806.77 
1777.38 1521.43 
1575.53 2589.55 
467.94 1473.69 
3584.73 2271.97 
2415.98 879.66 
2536.99 2781.17 
3405.74 1594.49 
2248.15 1677.27 
1863.09 1447.24 
2454.17 2866.31 
2678.16 2493.89 
1259.76 1272.21 
549.10 1371.36 
2163.54 3218.65 
821.58 3154.99 
2257.22 1253.94 
547.83 1377.17 
1085.90 4287.23 
2005.47 2499.70 
3460.94 1369.13 
2930.98 1452.20 
1441.47 1115.74 
1565.96 3997.44 
511.67 1393.50 
1787.19 2671.33 
2476.71 2079.97 
3070.38 2311.67 
423.18 2863.74 
3078.96 2312.66 
2952.80 1482.93 
3489.74 1859.60 
1898.33 3072.85 
2649.44 2365.62 
2243.55 1882.60 
2478.72 3250.26 
2946.93 2833.31 
1216.37 2104.68 
3451.36 3796.71 
1595.38 1353.09 
2966.81 3587.11 
2268.10 3734.05 
1325.77 915.06 
748.56 1574.37 
2440.66 1838.76 
2597.36 2981.31 
2598.20 3018.93 
2203.62 2401.66 
894.68 1573.37 
1939.89 3961.80 
2229.85 3058.68 
3129.88 2987.69 
1528.59 3007.09 
1717.78 701.25 
1345.51 2018.16 
3378.40 2157.23 
3252.90 2256.87 
2999.40 3564.01 
1561.62 2561.37 
849.99 3471.16 
3524.25 1977.40 
1865.50 2896.29 
1525.71 1434.54 
1697.72 851.92 
917.00 2441.13 
1060.21 1891.20 
2486.40 665.37 
2034.36 842.96 
1409.91 2873.92 
3280.15 3466.48 
1361.25 1230.21 
2365.95 3640.70 
2747.04 2300.03 
1994.87 1314.41 
1164.81 950.88 
2527.92 2416.90 
3638.73 1777.33 
2526.75 2822.18 
1403.21 2804.52 
1296.40 3377.42 
1462.93 3072.93 
1323.83 2257.73 
777.09 2310.39 
1221.39 3728.29 
1891.28 1287.94 
1603.05 1115.13 
3255.67 3131.61 
2850.52 2104.37 
2868.88 2868.74 
1879.74 2150.52 
890.34 3535.62 
484.76 3394.80 
2092.64 4155.88 
3407.07 2554.20 
1085.92 1184.34 
2960.11 2885.26 
2419.55 2258.67 
991.17 1337.20 
1385.32 2117.00 
1453.23 2392.81 
2746.66 4267.77 
2784.25 3591.56 
2671.54 3182.97 
2529.09 2037.65 
2462.11 1563.29 
2488.29 4006.42 
1384.19 2550.32 
917.84 3127.62 
2682.94 2456.06 
2793.71 2685.10 
1147.10 1531.06 
2736.57 2455.07 
1368.66 3564.08 
2362.39 1530.88 
3459.54 2536.59 
2171.23 1325.72 
1549.22 2498.93 
2519.62 2783.07 
1230.04 1793.79 
2532.22 1520.58 
2354.41 1978.64 
1842.16 3694.53 
2160.48 1134.69 
2541.83 3590.65 
2512.24 2035.88 
1563.74 1456.27 
2659.19 3068.68 
1530.56 1239.62 
1559.82 4200.56 
2593.86 1903.37 
1740.32 2902.90 
1391.71 2774.31 
2230.87 971.29 
2127.56 2297.00 
2371.80 2129.67 
907.62 1055.37 
1431.82 3588.27 
1442.64 3551.06 
1582.87 2465.58 
1010.63 3641.16 
1256.08 2072.77 
3596.71 3247.89 
1084.79 1281.52 
1604.28 1011.19 
1497.86 2936.05 
2471.65 2142.74 
2760.12 628.87 
897.26 2856.54 
744.13 3702.64 
1721.85 4334.19 
1448.99 3585.12 
1006.62 1188.10 
1343.85 3176.25 
2312.45 3327.35 
884.47 1361.60 
957.78 2529.43 
1998.86 3103.57 
643.14 3880.69 
1356.14 1311.10 
2309.29 1703.45 
1129.97 2323.46 
711.59 2946.47 
2637.68 3375.03 
823.27 1483.36 
2498.02 3203.30 
2448.18 3509.16 
1766.28 3076.25 
1051.42 1380.34 
2526.56 3388.99 
2588.27 2786.11 
2677.31 2379.23 
1065.02 2349.61 
1991.69 1926.94 
1233.50 2099.38 
1614.16 3245.02 
975.65 2044.63 
2513.22 3056.22 
2622.50 3958.90 
1595.16 2376.29 
1518.80 2550.64 
1583.68 974.21 
2870.69 2989.59 
2318.00 3050.68 
2570.19 3674.72 
1076.99 2630.70 
414.07 1808.45 
1602.25 2690.23 
1193.21 3162.22 
1725.83 1567.68 
2688.17 3199.96 
915.42 3409.81 
2326.00 2123.29 
1836.21 856.59 
3062.56 1718.85 
1653.91 2884.43 
1876.71 2669.36 
2549.01 1553.62 
1956.60 2047.91 
2414.10 635.83 
1575.75 1318.76 
1607.66 900.69 
2261.78 1156.13 
2348.74 3432.41 
2472.96 2991.36 
1428.62 2950.05 
2934.24 1395.83 
1892.02 3365.49 
3415.85 1301.56 
1785.23 1672.68 
1187.54 3879.41 
1185.54 2334.41 
1487.92 1845.17 
525.12 3080.13 
2520.04 3980.98 
1245.42 3886.60 
1108.59 1317.11 
1675.06 3186.38 
1946.95 4161.40 
959.14 2619.04 
1226.50 2432.71 
1117.12 1236.63 
1178.05 734.79 
1323.23 2601.41 
3462.04 2514.87 
1708.53 2662.89 
2057.14 4286.54 
1797.93 4356.72 
1339.44 2003.51 
2414.82 863.99 
2908.23 981.98 
2008.41 1743.68 
2409.96 2113.05 
1805.62 1504.37 
2776.26 1888.11 
2985.44 1605.34 
1573.60 3596.34 
2551.93 4116.71 
1968.16 2616.60 
1753.67 3545.23 
1967.08 3525.43 
1858.23 1299.96 
1529.13 2707.77 
3183.99 3868.24 
2002.19 1152.08 
2648.63 3164.86 
2479.75 2868.58 
1064.08 2297.92 
3238.59 2932.05 
2287.95 2955.01 
2487.57 909.81 
2604.91 3416.70 
668.13 2936.70 
2153.41 3048.16 
1423.02 3724.38 
1970.59 1849.92 
1981.78 3550.90 
631.17 3870.76 
3073.67 2630.69 
2347.20 3207.22 
2836.82 476.18 
1654.40 1448.20 
1277.38 3736.11 
678.88 3117.73 
3031.01 1251.83 
1685.37 1562.58 
4067.93 2774.09 
2290.29 3661.41 
2469.42 3755.89 
1824.29 3257.49 
1780.58 2952.17 
1665.65 870.16 
1905.05 3102.55 
1806.04 1901.20 
1947.78 1443.16 
1515.24 3536.49 
3288.31 3794.60 
2713.04 2777.04 
757.60 2533.82 
773.49 1258.18 
3166.47 4127.22 
3035.13 2535.15 
1666.75 2652.75 
2560.06 2808.46 
1164.77 2428.02 
2127.46 2026.99 
1287.49 924.74 
2813.17 1405.70 
2726.08 3330.13 
1666.25 874.32 
2382.23 1684.55 
1007.48 1704.35 
2956.59 3043.56 
2557.58 694.51 
2529.28 1311.79 
1873.33 4324.26 
1934.43 1779.27 
1794.40 992.08 
2276.38 2830.13 
2261.87 1706.09 
1824.60 2455.26 
1925.33 2476.40 
1533.30 3630.37 
2206.56 4283.78 
1339.27 947.01 
1902.14 1715.23 
722.09 1920.95 
1576.22 2309.30 
2491.26 1556.57 
3251.76 2390.79 
1965.99 1684.31 
2163.84 1693.61 
3082.45 1762.46 
3200.33 2508.45 
1085.64 1188.34 
1334.57 2496.11 
2845.37 1678.68 
1177.44 1226.69 
1691.45 1678.12 
2512.56 3242.98 
2710.87 3628.74 
1860.54 1451.64 
3275.32 1760.47 
2583.99 4334.47 
1600.95 2658.61 
2485.56 3059.84 
3360.22 3685.12 
1091.63 1563.51 
1970.63 1536.17 
2325.97 3159.96 
238.28 2972.82 
2823.87 3212.71 
1698.82 2708.43 
2442.77 3252.24 
2363.09 1214.51 
1134.46 2084.17 
384.58 1566.32 
1333.25 1814.71 
2440.47 2617.54 
2050.62 2611.76 
3166.40 1234.98 
648.21 1606.82 
2846.18 1398.04 
1541.33 2473.07 
1838.48 3694.05 
2453.66 1249.91 
3046.53 1977.10 
1710.26 3987.01 
2094.09 3093.58 
3374.84 2895.75 
2127.61 2976.31 
2701.10 754.63 
1211.81 3239.90 
2674.57 1515.47 
1641.00 2325.63 
2190.14 2838.08 
1433.13 2928.82 
1343.88 936.82 
2872.55 1286.71 
373.17 2794.06 
893.37 2859.99 
3275.89 3137.20 
2279.05 1428.75 
1650.42 2793.80 
638.30 1553.99 
2566.57 2357.15 
1927.71 1276.21 
3341.52 2352.18 
1459.41 3464.74 
1778.21 2775.99 
2663.80 3065.24 
459.78 2458.20 
3129.38 2515.22 
2015.01 3179.50 
397.72 2035.99 
411.20 1452.90 
1226.55 3950.99 
2375.59 2918.60 
2834.23 2084.01 
2852.01 1176.16 
935.79 2857.74 
848.25 2375.11 
1536.08 1250.38 
1309.43 1900.69 
1838.52 2996.41 
1607.85 3652.78 
1125.99 1437.64 
1722.60 2437.02 
1715.68 2637.85 
3215.90 3208.24 
2737.32 2452.39 
1933.94 2863.12 
1391.90 2156.46 
1751.02 865.42 
3098.17 4248.58 
1828.83 2797.96 
2268.06 2786.91 
549.17 3112.48 
998.97 2911.53 
1997.50 3087.89 
1345.21 2388.90 
909.17 3404.54 
2655.05 2648.68 
2335.81 3096.61 
2097.59 3092.85 
1844.90 3069.18 
2782.59 1891.28 
2677.50 1229.10 
1060.54 2628.18 
3028.17 2795.15 
2931.33 1399.54 
366.83 2995.73 
2307.59 1226.24 
1676.80 3048.93 
2355.04 1708.52 
1290.39 898.19 
1604.99 670.16 
2059.47 3252.52 
2759.31 1854.05 
1182.25 3661.67 
2379.64 2772.67 
2913.61 1576.00 
239.99 3457.99 
1746.50 2959.68 
1325.50 1130.55 
2168.13 1374.73 
1793.40 2862.27 
2392.18 2646.11 
889.53 1729.47 
2741.56 2227.13 
2946.34 4108.27 
1070.19 3865.61 
800.84 2587.70 
1831.31 1775.58 
2591.01 2138.85 
955.43 3057.20 
2611.57 1984.04 
1268.80 3529.54 
2994.06 4258.35 
1164.59 945.61 
1527.95 2579.48 
1490.62 2448.32 
2432.26 917.27 
2817.18 2989.11 
1284.49 3958.41 
2652.03 2647.08 
1989.92 1507.22 
1075.58 1806.54 
1390.67 3247.48 
1948.90 3803.77 
1645.05 2836.88 
1275.38 1122.21 
1523.00 2791.96 
1973.76 1115.35 
2245.83 2678.14 
1414.07 2535.83 
3323.79 3709.21 
2382.09 3059.09 
1532.09 1139.21 
2358.15 1417.58 
2942.90 2541.09 
1213.51 2794.15 
2690.25 3197.10 
3188.75 2034.93 
3290.45 3106.80 
1904.39 2528.99 
3471.94 2450.99 
1522.50 3626.93 
2376.19 2070.87 
3308.16 4023.99 
1195.39 2233.27 
2875.58 3405.64 
507.75 3427.75 
2137.40 3074.19 
2438.46 3004.52 
1471.28 1302.12 
2274.13 1777.44 
2544.26 3502.30 
1001.84 2909.97 
2666.97 2664.95 
3945.31 3723.89 
2240.91 1881.17 
3560.95 2100.95 
943.68 436.24 
637.74 1558.31 
2323.36 3019.07 
1346.24 3394.54 
1597.49 1347.96 
1984.98 1592.90 
1539.02 4161.46 
2812.02 903.13 
2283.74 1984.43 
946.16 2673.67 
2321.24 3228.06 
1658.37 3618.37 
2441.13 3247.12 
1275.23 2356.44 
2180.13 1166.06 
2339.72 2951.20 
2871.68 2563.70 
453.89 2980.81 
1746.81 2237.91 
2193.04 588.18 
2547.71 3752.74 
1179.36 3213.54 
1542.62 1428.24 
2665.24 3373.47 
2881.18 1758.48 
2599.35 3471.68 
1783.97 2314.35 
2927.85 1015.71 
2398.95 4018.44 
1159.00 2251.18 
1744.10 2234.28 
2336.06 2989.23 
2762.53 2901.30 
2523.89 1607.56 
2002.69 2770.69 
1696.06 846.88 
752.53 2538.26 
3434.86 1708.74 
2753.84 626.31 
2678.87 2504.63 
3004.73 2556.05 
1397.23 1042.04 
2211.73 1732.75 
2005.70 3130.97 
2931.85 1847.22 
1940.71 3001.32 
1655.70 3977.83 
1396.22 3576.73 
2307.73 3626.45 
2428.14 2827.30 
1119.54 3450.82 
2651.36 2228.69 
2512.83 1670.31 
3095.40 1889.34 
2496.29 1441.95 
956.56 3116.06 
1824.35 1311.44 
1146.75 4301.74 
2867.93 3091.23 
1834.79 4140.04 
704.28 3334.77 
1604.16 3651.62 
1889.81 3569.15 
937.75 2271.35 
822.43 2624.78 
1472.55 2419.74 
2361.51 2270.10 
1615.55 1867.88 
835.35 2780.91 
2292.03 1242.68 
2011.60 1181.62 
2899.17 3691.01 
2265.29 4296.29 
2652.86 1826.60 
1326.77 3201.45 
1196.94 1914.18 
1573.25 2222.94 
2863.02 1677.16 
1470.17 2882.46 
1175.03 2016.68 
1670.70 2156.60 
1894.79 2127.33 
1175.04 1728.26 
1517.23 2383.35 
1109.93 2038.55 
1584.47 3748.45 
2592.30 3662.76 
2716.94 3318.76 
2612.09 1265.75 
2014.37 1409.72 
2312.78 852.40 
1462.51 1824.92 
1425.19 1759.22 
1765.30 2143.95 
649.02 2699.34 
2547.49 3234.10 
1411.77 2782.63 
2593.61 3005.95 
589.86 1296.77 
1193.33 2949.55 
1433.50 3057.56 
1619.52 2817.48 
2565.44 3417.70 
2374.50 1787.63 
1068.39 2824.26 
2634.19 1913.03 
1933.60 1507.87 
1546.50 1725.99 
1330.94 4313.90 
3177.55 2861.29 
2915.16 2827.61 
2791.60 2690.97 
2390.92 1579.51 
1059.42 3064.17 
1780.81 2659.49 
3059.29 2287.00 
1339.21 2271.33 
1785.69 2984.10 
183.18 3324.96 
2342.44 4006.49 
2903.60 1736.76 
133.60 2306.63 
2331.32 3119.19 
1408.13 3727.42 
1718.05 2781.49 
2993.69 1279.44 
3706.24 3749.02 
2807.13 1689.32 
407.01 1985.46 
1555.01 1720.09 
2936.65 1346.61 
2779.43 1694.05 
2727.84 428.04 
1662.97 3111.44 
1396.46 1206.38 
2879.82 1511.05 
2027.91 1604.97 
1332.26 2060.81 
953.29 1324.77 
1537.16 1741.63 
1268.16 4160.71 
830.01 2576.32 
4077.25 1987.12 
2361.18 3438.56 
2381.49 2570.70 
3322.70 2542.69 
3435.82 3519.35 
1907.69 1505.79 
1785.65 1416.36 
2473.90 665.87 
2147.55 3178.90 
1285.55 2243.89 
2939.18 2546.16 
1500.88 2446.80 
2354.05 1329.18 
1953.93 1251.76 
3743.42 2493.37 
2266.10 3583.20 
2615.32 1526.06 
2513.69 2860.15 
1845.24 2962.92 
1454.05 2572.18 
1416.87 3730.91 
1184.71 2320.30 
996.39 1182.48 
869.21 3158.54 
2337.50 2684.76 
682.59 3602.06 
2324.66 3162.70 
2092.84 1583.47 
3315.02 1825.14 
2620.95 1447.76 
1645.46 1590.27 
1645.68 1426.43 
2223.86 3009.34 
1430.92 873.54 
2304.59 2528.33 
2251.67 2079.83 
3399.43 421.90 
1576.56 3598.53 
1081.61 2457.80 
1810.45 1558.62 
2912.64 2817.67 
1281.45 2284.04 
1572.91 688.55 
1347.69 3333.12 
1263.65 1978.20 
3310.74 2563.01 
1936.83 3549.37 
2692.00 1997.59 
1170.89 2428.65 
2556.43 2624.60 
2539.69 1733.63 
2350.94 3376.18 
1641.93 2547.00 
2828.34 2305.52 
2404.37 1494.35 
1058.34 3169.91 
1415.97 1914.90 
2605.80 2344.88 
1913.57 2482.28 
2235.15 3170.46 
1947.00 3350.08 
772.04 1138.53 
2632.17 3001.86 
1650.45 2930.50 
3835.74 1819.73 
1499.59 2476.57 
2627.64 2589.60 
1960.17 2611.54 
1408.72 2784.94 
1768.47 2308.65 
2938.90 2708.24 
2846.13 1186.53 
1523.10 3092.95 
2312.88 2786.40 
2171.66 1462.67 
2340.26 1294.28 
2263.79 3130.93 
1178.38 739.80 
2404.53 1423.94 
105.29 1129.54 
2798.89 2823.57 
2278.24 3137.95 
2763.29 2833.14 
1937.77 1227.35 
1021.56 2462.30 
2773.94 4002.11 
2014.88 4105.09 
3499.43 977.88 
1480.81 2373.27 
1518.14 1210.43 
2596.68 3217.21 
2891.99 4340.58 
2029.92 1238.83 
2413.76 3093.84 
1855.10 1515.05 
1211.71 3184.99 
2560.16 1383.01 
1945.81 695.46 
738.38 1954.28 
2312.10 3001.12 
2424.18 3050.85 
3529.36 2637.00 
1958.99 2605.88 
1885.81 3504.16 
1100.37 2961.56 
133.00 2300.71 
2150.37 3180.41 
2669.59 577.49 
3338.71 2657.50 
1940.53 1784.64 
1386.66 4175.68 
2191.04 1750.96 
1481.88 4153.60 
2689.92 1937.47 
1941.00 2463.00 
1918.10 3389.49 
1905.10 2469.82 
2647.48 2332.00 
2919.57 4126.88 
1231.51 2299.30 
1812.59 1731.24 
1913.80 2604.33 
2647.54 2448.39 
922.20 3069.59 
3414.30 2571.89 
2946.39 3515.12 
1430.70 3001.66 
1568.89 1134.97 
181.27 3322.67 
590.42 1302.48 
1157.33 1424.87 
2478.72 2912.79 
1616.39 1381.79 
1420.19 2822.29 
2372.03 2633.14 
837.98 1352.62 
1259.80 2893.82 
2855.28 1178.20 
2401.85 1213.16 
1450.69 3035.75 
1314.26 1783.33 
2354.30 3517.41 
1681.28 2997.10 
1303.04 707.11 
1160.99 1682.09 
1963.79 3635.67 
2541.44 2466.45 
182.94 1314.78 
2373.68 3789.03 
1112.62 1747.15 
685.50 2399.37 
2435.19 1539.22 
1056.29 2343.78 
1496.82 2986.83 
1636.40 2885.67 
3022.32 1397.65 
2022.90 4317.33 
1495.17 1177.17 
2542.29 1560.53 
1248.24 2665.07 
1902.32 1793.33 
1600.27 2616.60 
1538.67 2579.20 
2003.34 2479.14 
1293.89 925.87 
2164.80 1373.78 
1604.63 664.92 
2996.17 2948.20 
3197.92 1985.99 
1744.82 1853.41 
2103.36 3326.79 
2689.92 1006.55 
1951.98 3373.49 
1962.53 918.26 
1475.06 2621.58 
3064.93 3251.18 
3198.90 1983.02 
1325.39 2251.53 
1617.08 2770.97 
2699.15 1310.71 
1327.53 3478.39 
1749.30 3105.47 
2714.86 3071.95 
1127.30 2918.56 
2959.75 3021.88 
2197.25 3481.54 
1149.43 1143.42 
3005.24 2898.30 
1328.35 1350.14 
1563.16 2318.27 
2943.86 1688.30 
2974.03 1235.26 
2969.32 2688.23 
1876.50 2885.86 
3025.37 1393.43 
2678.69 991.68 
3310.05 2614.83 
1712.40 492.47 
2548.40 4185.47 
1845.32 2526.48 
1343.25 1127.89 
2630.27 3004.66 
1661.11 680.59 
2822.96 1038.28 
3195.77 2448.08 
3200.12 2512.39 
2253.88 953.33 
3171.92 3338.11 
2342.50 1751.10 
3090.64 1958.85 
828.64 3439.37 
2672.29 2553.11 
1243.69 1590.34 
2604.49 2343.20 
787.80 1684.57 
2700.72 3126.39 
928.31 2439.01 
3372.53 1969.21 
1400.49 1952.25 
1258.31 2083.57 
1789.93 1321.29 
2274.22 3493.35 
2403.92 1778.73 
2401.67 2599.19 
1418.90 1289.05 
1322.32 3537.50 
1771.75 3753.31 
879.74 3172.55 
686.51 3387.32 
2157.70 2671.81 
561.98 2234.09 
2378.54 662.34 
2256.60 1703.44 
2167.34 825.51 
950.11 1322.64 
461.47 3362.35 
1534.73 3568.24 
2829.09 1485.88 
2714.52 825.23 
770.80 1413.89 
2194.40 3016.72 
1459.01 1699.54 
3152.56 2970.72 
2993.72 2668.12 
2625.15 2667.69 
3585.81 2268.11 
1879.85 3230.22 
2185.22 3563.01 
2650.36 2322.63 
2432.79 333.64 
1806.42 1020.34 
1717.30 2836.56 
130.18 2597.29 
2190.25 2130.76 
3469.95 3121.10 
3136.32 1597.55 
569.26 2901.62 
2786.00 3590.13 
2515.31 1056.97 
1913.10 4189.85 
1585.36 2422.90 
1109.06 1024.98 
2830.48 2675.96 
3747.72 3722.64 
1306.24 713.80 
1829.89 1759.96 
2143.25 3084.24 
1553.10 2364.90 
2404.71 3627.83 
1473.10 996.08 
2438.64 3237.08 
736.78 1158.90 
1803.70 1050.97 
3174.86 2767.21 
2523.80 2795.88 
1530.64 2624.33 
908.56 3172.72 
829.84 2700.50 
1743.03 3774.83 
1287.11 919.36 
1429.70 2998.23 
651.60 2698.43 
2973.46 1514.43 
2006.00 1362.82 
2364.96 1210.41 
1556.98 3339.22 
1766.20 4198.68 
1682.85 2634.68 
2293.74 1019.60 
1447.94 2010.71 
2974.40 2576.98 
724.53 1730.46 
2316.27 2900.58 
1668.87 3583.49 
2749.31 2094.67 
1450.18 4329.37 
784.74 2509.15 
710.17 3165.61 
1346.30 3389.69 
2911.68 3048.31 
1808.93 1169.71 
1297.29 3769.77 
1678.17 3326.73 
2535.52 3458.25 
1773.85 2219.55 
1463.06 3250.70 
1058.88 3116.65 
1894.84 3243.75 
1645.61 2267.77 
1672.42 3585.98 
538.69 2140.94 
3026.49 1247.96 
1059.94 2000.75 
2268.74 639.41 
3076.68 1541.36 
2013.52 1595.14 
2092.58 1301.86 
3415.96 2574.48 
151.29 2775.74 
1933.02 1176.89 
630.85 2057.58 
3063.90 4275.89 
957.20 3112.85 
1358.06 1534.01 
2389.94 1867.08 
2893.43 1545.99 
576.48 2459.50 
1719.40 1038.84 
915.30 3237.96 
1792.44 995.37 
3192.80 2444.50 
1676.64 3105.76 
1240.89 2864.81 
58.76 3123.07 
1847.66 2234.10 
2295.19 2923.95 
2743.01 2111.04 
2539.59 3176.22 
2313.50 2789.46 
2035.49 3087.37 
2494.85 3045.20 
3515.55 1896.74 
2613.93 1169.73 
1261.19 2293.40 
1711.30 2959.53 
3171.55 1951.40 
1727.86 2569.92 
567.76 2644.35 
3564.55 3660.08 
3035.30 1330.58 
2533.74 2880.84 
2345.38 860.07 
1054.78 1208.94 
3556.72 111.67 
3147.87 1852.61 
3449.89 2054.07 
1684.57 3493.62 
1441.34 2946.87 
3228.95 2680.86 
3026.41 1396.69 
2857.13 1688.60 
1349.70 876.27 
1578.50 2305.88 
1857.34 4178.93 
182.16 1128.54 
1874.48 3867.44 
2224.35 1051.93 
1821.80 3091.64 
2628.77 1914.23 
2554.30 1356.23 
2052.90 717.89 
1207.28 3914.58 
1534.26 1138.21 
2872.13 2868.97 
717.15 1832.30 
2520.63 1287.73 
476.06 1804.30 
1989.33 3406.00 
2915.17 1147.72 
1680.40 2681.22 
1943.26 3179.52 
1690.56 3764.89 
2716.83 2668.60 
2860.21 3367.93 
2932.59 3413.93 
2292.90 3797.02 
1829.97 1213.64 
61.69 3122.87 
1111.03 2156.20 
1917.55 2479.80 
3138.32 1980.86 
2982.46 1544.51 
1583.50 2890.72 
2764.12 665.80 
3845.51 2674.92 
3200.12 2885.65 
3205.76 1911.82 
1775.26 2214.10 
743.50 2581.67 
919.66 3071.50 
2018.21 3700.02 
2578.87 3409.43 
1085.46 3144.35 
1261.46 946.97 
1467.91 972.95 
1419.76 3731.30 
2531.30 1377.20 
2248.61 2120.30 
2951.30 1361.61 
1094.44 1457.45 
3627.43 4205.10 
1337.21 2494.80 
1589.17 1169.72 
2981.70 1986.40 
2443.54 2047.40 
1573.10 694.21 
2389.37 2523.70 
2539.30 3515.48 
119.00 1928.81 
2213.37 1731.11 
2926.00 4312.76 
1149.63 3107.62 
2201.70 1744.33 
185.43 2900.69 
2934.20 1797.05 
1290.31 4347.23 
2917.78 1504.00 
2650.10 2319.51 
1287.60 2415.20 
2141.53 2997.47 
1329.43 3480.35 
3205.62 3314.80 
360.06 2980.69 
3281.47 3158.00 
1617.95 1585.17 
2191.45 1275.80 
2483.30 1838.55 
2268.70 635.79 
2425.40 3057.76 
1374.76 1004.60 
288.80 3526.73 
758.93 1724.01 
1387.66 2548.70 
913.01 1760.98 
853.30 3135.60 
2189.42 1114.86 
2289.56 2926.20 
2729.75 2327.39 
1003.85 1050.09 
1457.20 1962.50 
1440.06 2900.20 
2520.22 3331.70 
859.41 2696.50 
1005.20 2901.28 
1051.43 1779.34 
2640.47 1947.82 
2027.90 3583.43 
2821.35 3540.87 
2686.36 3191.56 
2819.67 3542.85 
2534.85 3445.88 
2593.20 1695.87 
2275.91 3496.28 
1584.50 2664.38 
1806.93 1354.80 
2543.50 2596.31 
2409.53 3625.40 
3156.19 2970.54 
1420.04 2869.69 
895.89 1393.38 
2276.18 3643.71 
2406.77 3563.15 
932.27 1556.90 
1106.24 2279.10 
3087.60 1958.31 
1682.12 3441.88 
2513.00 3240.18 
1926.10 2863.74 
1325.08 1134.78 
694.81 2119.58 
2866.16 3249.48 
1526.20 3174.58 
1281.96 1914.50 
2373.19 2617.60 
1558.50 3336.54 
1077.10 3198.87 
2975.67 165.85 
801.71 2463.49 
1700.00 1001.96 
2675.71 1233.99 
2593.58 932.27 
2527.92 2949.50 
2891.19 2969.77 
3066.27 2315.39 
3865.83 3770.85 
1334.81 753.80 
1053.77 1203.61 
2248.31 2217.39 
2478.30 2865.32 
1171.00 2424.79 
2680.43 2460.52 
1674.08 3644.03 
2884.62 3168.63 
2532.57 1835.91 
1206.90 1157.12 
2183.10 3074.00 
2439.90 1977.50 
2303.94 1230.11 
2287.60 805.28 
3627.91 1009.75 
1750.30 860.74 
1558.78 3133.73 
934.10 4086.16 
1668.40 3215.98 
3066.88 2291.56 
2172.83 3591.50 
795.80 1448.70 
1498.93 2881.66 
2814.58 2992.53 
1150.67 3434.02 
1892.79 1346.47 
995.87 2106.61 
2897.53 1543.70 
2171.51 4352.43 
1093.48 1560.62 
538.30 3239.29 
886.30 1897.43 
701.74 3635.78 
1809.54 1019.32 
3897.24 2127.52 
2412.50 3625.40 
1674.40 3108.07 
1184.61 2777.73 
2168.19 4352.52 
2253.60 2957.65 
658.55 1954.40 
2287.11 3798.30 
465.01 1855.14 
1223.52 1299.53 
573.60 1768.57 
905.24 2876.30 
3740.70 2686.93 
2465.77 1603.19 
538.03 2143.49 
3355.03 1528.20 
1563.19 3156.18 
2213.35 3546.50 
2650.10 2152.64 
934.63 2818.08 
659.11 4068.82 
1516.61 1212.40 
3625.61 1008.10 
2676.68 2502.09 
334.06 3595.94 
2451.78 2903.90 
2532.65 2036.10 
2957.43 3021.10 
30.42 1781.27 
1751.30 3387.16 
797.06 1521.62 
1153.97 2376.90 
1330.70 747.19 
809.74 2413.27 
2995.70 1581.88 
3024.36 1757.36 
2562.81 2881.30 
1346.15 3172.24 
2725.90 1994.40 
1410.17 2540.70 
929.64 1992.04 
2130.80 1155.97 
2959.12 1967.78 
1539.50 3208.30 
1671.03 3113.68 
1557.50 2486.17 
2414.50 631.42 
524.60 1400.00 
771.40 1141.28 
2592.20 3003.50 
1984.00 3547.50 
2902.90 824.19 
1176.32 1224.63 
2295.23 1021.93 
1917.10 3392.32 
2509.30 1458.10 
2910.45 2815.75 
2051.90 1674.23 
1424.16 1779.70 
2607.84 1535.00 
2054.56 1463.78 
1398.75 1204.40 
1820.86 2799.09 
882.98 2846.05 
103.54 1128.20 
944.80 1399.10 
1461.95 3460.91 
1252.19 950.30 
1585.50 2662.05 
3408.97 2882.66 
1870.65 1858.60 
1951.05 2366.90 
3838.00 1513.90 
2879.23 1508.35 
1685.40 1156.82 
2179.10 2048.40 
2870.03 914.60 
2542.30 919.21 
2994.70 2946.66 
504.36 2579.37 
2047.90 3029.55 
2645.30 4105.02 
1083.41 1759.39 
1104.93 4328.90 
1317.80 897.33 
90.00 3362.31 
1351.19 4354.90 
2644.56 1127.40 
2008.00 1361.68 
2660.20 982.04 
3560.20 2096.95 
1293.31 2396.90 
2411.95 877.70 
1535.60 2974.53 
957.20 3059.47 
681.98 1536.90 
3080.80 4005.75 
1609.40 1207.91 
3385.69 1887.50 
2518.30 1366.58 
1892.10 3619.94 
2178.03 2791.40 
1863.57 3065.00 
2034.90 3091.48 
1174.00 2919.80 
3837.00 1510.29 
1073.58 2628.60 
1231.80 4083.76 
1089.57 1710.80 
1185.31 578.90 
3243.97 2576.70 
239.42 1801.60 
2532.30 1313.78 
2323.09 3203.90 
2628.10 1916.98 
1357.80 3385.31 
785.50 2015.81 
1716.30 2838.71 
1766.82 2979.10 
3076.36 3079.10 
956.20 1329.61 
1556.99 3138.00 
2739.00 2926.56 
2172.80 3698.78 
1926.10 2474.14 
1185.90 571.34 
1754.82 915.70 
717.92 3001.20 
82.52 3349.90 
2329.50 3106.48 
857.40 2812.87 
2053.90 721.24 
834.83 2656.60 
1132.61 2638.60 
1895.57 3622.40 
2750.00 1861.03 
1070.10 1798.30 
2484.72 1941.50 
1817.20 3096.58 
1670.40 3642.96 
2502.91 2971.20 
789.11 2431.90 
1347.21 1583.90 
1995.52 575.00 
2254.60 3063.66 
1847.20 2610.07 
810.92 2623.60 
2425.40 3054.67 
2563.20 3020.65 
3017.18 1905.50 
1245.50 2667.50 
1419.70 2429.27 
824.89 1403.10 
353.90 2229.58 
919.67 3125.00 
1516.60 1214.92 
950.71 2890.30 
1090.72 2583.70 
1848.20 3234.29 
1485.11 1780.70 
3078.11 3080.10 
925.75 2902.30 
1816.79 3094.00 
1991.62 1713.80 
1501.60 2878.91 
1114.00 1132.79 
2179.70 3504.04 
2498.88 2466.80 
1058.10 3225.35 
2745.10 1307.81 
1870.46 3804.20 
1293.90 1550.58 
3284.93 3159.00 
2540.76 1354.20 
2895.90 1542.40 
2440.01 2621.60 
820.40 2495.37 
3237.05 2628.60 
2425.95 2788.40 
1479.15 2600.60 
812.99 2544.70 
2220.70 3179.51 
2488.40 4348.42 
2235.33 972.60 
364.80 2987.70 
2472.85 2612.60 
1832.61 3093.00 
3259.85 2344.00 
833.90 2784.40 
1533.60 2917.70 
2750.10 623.49 
2247.12 1347.20 
2418.40 1245.76 
2987.38 1026.50 
2000.00 708.46 
2375.08 2547.70 
412.80 1983.78 
2332.60 1223.94 
1702.89 2662.50 
1533.06 1034.50 
2806.00 1548.43 
2873.31 2991.20 
1745.91 1546.00 
1720.30 2992.63 
3374.89 1970.40 
1951.00 3382.18 
2623.20 3447.01 
2435.90 3061.00 
2955.32 2229.10 
2391.81 1865.60 
2137.80 3015.70 
2522.30 2785.88 
1532.08 2997.10 
2187.70 2853.74 
1091.59 1711.80 
724.50 1973.81 
655.60 1954.98 
1333.80 1922.92 
1881.59 3447.60 
2378.50 658.45 
1469.13 745.80 
1376.34 2629.60 
3390.72 1885.50 
2934.80 1398.72 
2900.90 3506.19 
1968.00 2560.29 
1490.22 1681.80 
1078.61 1241.30 
1161.00 3216.50 
1430.19 1485.10 
177.00 2812.92 
2434.40 1486.54 
789.91 1738.70 
1083.59 3387.70 
626.60 2672.22 
542.19 2136.20 
3448.30 2365.38 
849.73 3132.00 
1213.90 3241.30 
410.37 1984.40 
3272.99 3520.60 
1442.70 1844.20 
565.27 2637.60 
1227.90 1145.98 
2380.50 1184.87 
1679.98 1756.70 
966.60 1271.20 
1929.10 2909.71 
921.30 2509.24 
947.30 2670.13 
1262.90 2847.89 
3012.13 1963.40 
2340.50 1125.91 
1059.56 3061.10 
1826.66 1760.70 
1261.34 402.10 
2265.60 3130.49 
1909.10 2644.10 
2092.35 3571.50 
3514.61 1894.50 
2459.93 1946.50 
898.74 3101.10 
2220.22 2124.30 
2904.43 822.70 
3420.81 2838.40 
3410.30 2574.29 
2662.73 3803.30 
2042.34 880.70 
3432.02 4195.10 
1640.89 2063.30 
697.50 2117.67 
1234.45 2089.30 
587.11 1356.10 
2308.12 1706.80 
1121.00 1233.85 
2102.80 1169.93 
552.03 3492.70 
773.90 1144.30 
3617.20 1127.81 
2728.00 1832.18 
3286.50 1269.66 
2206.70 1017.06 
3165.12 4124.10 
2470.90 3781.30 
3028.34 1249.30 
1212.00 2831.76 
1071.52 1977.40 
1909.10 2647.19 
1438.60 1119.99 
2821.90 2807.99 
3043.28 1428.10 
2952.80 1363.62 
510.23 3128.10 
2274.70 4065.44 
2464.92 2910.20 
689.60 2396.43 
1305.90 2861.81 
1238.90 3668.98 
1096.58 1828.60 
2255.70 975.04 
1109.10 2884.89 
2210.70 1735.38 
2230.15 3892.20 
2324.50 3016.58 
684.05 3389.80 
2219.21 1048.50 
1394.70 1044.01 
1230.48 1149.40 
2324.16 646.90 
129.00 2593.20 
1764.84 2978.10 
516.17 1399.00 
2581.84 967.60 
685.03 1537.90 
3256.50 1806.10 
190.40 3333.90 
2977.70 1797.14 
914.87 3164.00 
1952.00 3379.16 
886.86 2798.40 
2372.50 2923.76 
359.32 2978.30 
1561.50 2545.12 
3202.06 1915.50 
2172.22 3701.30 
2245.60 2118.84 
2465.85 1039.50 
835.40 1668.31 
755.94 1444.00 
2805.00 3563.05 
714.98 2944.30 
1895.10 3367.26 
154.48 2300.00 
2269.60 928.22 
358.80 2973.76 
2956.26 2883.30 
2324.60 650.33 
1999.00 704.40 
1021.66 2977.20 
2303.60 1819.19 
2710.10 1040.99 
2531.76 1965.50 
2368.50 1144.90 
1850.10 1417.69 
936.80 2814.40 
1422.70 1582.37 
1388.20 2937.20 
2245.60 3224.26 
705.50 2431.40 
2617.20 3206.36 
2759.51 2823.40 
1443.25 2945.20 
721.95 1466.00 
1964.00 920.19 
877.78 3169.00 
2947.00 4111.64 
1132.59 1852.60 
2186.70 1751.21 
545.15 1735.70 
2467.95 948.60 
2543.85 3753.30 
3365.81 1973.40 
1018.69 2977.20 
1010.72 2569.70 
2235.13 1162.40 
2233.70 1168.92 
1523.06 2549.70 
2866.39 2311.00 
965.65 1302.20 
1941.00 2507.21 
1317.44 2506.80 
3033.21 1754.70 
1614.40 1382.74 
900.30 2850.77 
2341.01 3199.90 
2615.69 3184.90 
1523.60 3178.44 
827.94 2228.10 
2685.10 2458.34 
1807.20 1173.90 
1396.20 1046.50 
995.20 1937.96 
2715.54 2778.40 
3033.20 3238.90 
1992.46 1509.00 
679.99 1537.90 
2944.90 3517.10 
1712.30 497.50 
598.50 1041.95 
1193.00 1509.46 
2724.00 1995.85 
1055.65 1681.80 
2294.60 1685.29 
1058.66 2343.00 
2936.80 2537.24 
883.30 3174.54 
1752.81 3140.90 
1317.26 902.70 
1415.15 3729.30 
2959.80 1964.85 
1281.90 2781.92 
2725.10 3192.43 
3632.55 1708.70 
2514.77 1453.10 
1214.90 3128.50 
1204.90 779.20 
1169.00 2430.38 
2662.72 3901.20 
2991.70 2367.38 
2931.80 1796.16 
479.19 1804.60 
550.70 2283.49 
901.30 2848.76 
1970.49 1120.50 
2825.90 2673.98 
2309.11 3623.40 
2013.00 4103.49 
717.04 2887.30 
2253.60 1121.02 
504.70 2582.19 
1055.68 2512.80 
1568.01 1130.50 
2380.50 3354.22 
915.77 3240.90 
2982.80 3473.07 
1436.60 874.20 
2544.77 1559.00 
2957.22 2228.10 
1198.52 1911.50 
2337.98 1296.30 
2897.28 2655.60 
3379.82 2896.30 
1556.50 3135.52 
1590.98 2298.00 
1555.50 906.19 
1058.58 2829.40 
598.11 2627.60 
2655.59 2407.90 
1446.60 3544.98 
2266.60 3437.11 
1076.10 3254.41 
1095.59 1710.80 
2396.91 1762.70 
883.80 1359.10 
2918.80 2823.88 
1217.50 2100.30 
2355.00 3513.50 
2246.60 1350.70 
2783.49 2547.70 
1661.40 3017.59 
