2215.39 2440.32 
1709.52 2277.33 
2493.76 2273.75 
2257.30 2275.93 
2201.72 2470.16 
2229.18 2410.28 
2295.84 2239.38 
2187.54 2500.22 
2581.33 2083.81 
1329.93 2247.09 
2626.92 2321.82 
1717.97 2083.40 
2579.21 2331.17 
1709.05 2157.30 
1825.64 2550.14 
2561.79 2113.15 
1508.78 2312.90 
2542.38 2142.11 
1183.71 2374.32 
1753.22 2508.14 
2452.57 2364.81 
2029.46 2527.07 
2676.81 2313.32 
1363.98 1943.49 
2160.69 2483.81 
2610.17 2102.78 
1797.16 2619.84 
2180.21 1748.51 
1807.40 1820.33 
2271.00 2246.03 
2289.14 2344.08 
1782.77 2908.82 
2484.47 2226.76 
2502.32 2319.37 
1560.30 1863.01 
2619.56 2151.55 
2208.02 1714.82 
1337.38 2048.81 
1902.17 2046.39 
2181.51 2870.95 
2646.29 2292.81 
2466.15 2336.37 
1767.60 2597.04 
2257.58 2510.72 
2651.22 2228.01 
2104.95 1812.90 
1841.86 2859.81 
1961.95 1952.46 
1578.46 1834.35 
1912.59 2444.35 
1993.43 2116.63 
1561.48 2592.65 
2091.72 2611.40 
1986.51 2057.82 
2635.86 2366.68 
2465.01 1957.14 
2130.16 2620.87 
1739.38 2928.22 
2269.49 2022.21 
2145.69 3169.77 
1872.60 2873.06 
1899.84 1769.94 
1084.15 2665.92 
2214.57 2363.13 
1946.60 1907.19 
2736.53 2226.28 
1134.61 2095.69 
1962.06 3036.95 
2512.43 2245.06 
1640.36 1669.47 
2269.84 2097.11 
2657.37 2217.28 
1714.81 1597.00 
1423.16 2688.28 
1391.05 2676.32 
1884.49 2157.20 
1403.17 2628.79 
2018.86 2056.14 
2013.98 1955.37 
2189.07 1744.34 
2155.29 2697.02 
1228.20 2612.65 
2503.25 2864.73 
2060.13 1527.85 
1958.45 2858.59 
2105.22 1591.78 
1684.12 1580.46 
2622.94 2443.50 
2060.20 2698.57 
1633.06 2648.15 
1832.66 2685.77 
2656.40 2340.10 
1076.12 2619.24 
2465.23 2259.31 
2652.12 2306.27 
2716.66 2256.21 
1553.10 2546.45 
1771.38 1877.35 
2277.19 3036.49 
2628.48 2323.47 
2696.82 2285.33 
1410.51 2673.11 
1723.63 1861.23 
2335.78 2986.99 
2532.90 2093.40 
2651.95 1998.12 
2459.35 1578.55 
2006.54 3018.71 
1281.71 2775.95 
1498.31 2700.32 
2123.26 2980.77 
2395.12 2561.63 
2465.03 2129.93 
2559.12 2357.17 
2000.02 1575.16 
1861.77 1733.69 
1992.70 3050.54 
2165.25 1701.91 
2135.33 1686.27 
2704.76 2329.56 
2473.86 2844.39 
1534.35 1967.34 
2480.21 2154.20 
2510.97 2102.09 
1307.61 2608.80 
2832.14 1994.99 
2364.81 2923.26 
2170.03 1773.44 
2688.53 2112.01 
2830.14 2149.64 
1703.86 2860.49 
2040.31 2919.26 
2608.03 2349.70 
1325.22 2892.30 
2592.30 2345.00 
2653.30 1920.48 
2053.39 3208.06 
1648.75 1865.39 
2829.09 2227.26 
1616.05 3034.62 
1668.40 2793.06 
1173.95 2324.39 
2032.30 1927.19 
2173.27 2530.16 
2436.78 2843.77 
2159.25 2560.36 
2045.60 1560.14 
2050.34 2653.33 
1346.37 2300.32 
1766.16 3144.53 
2814.57 2337.37 
1619.67 2678.69 
2147.13 2513.85 
1825.51 1791.54 
2659.09 2092.69 
1953.58 1585.99 
1814.20 1448.43 
1543.09 2682.54 
1175.13 2904.06 
1556.07 3001.46 
2479.87 2078.60 
1811.83 3125.34 
1709.51 2644.45 
2151.35 1802.83 
1371.57 1867.01 
2611.23 2898.02 
1753.60 1905.70 
2204.05 3119.06 
2157.11 3245.06 
2258.38 1453.94 
2745.76 2145.93 
2218.31 3086.46 
2409.37 2531.05 
1820.98 2989.74 
1147.38 2627.54 
2243.82 1404.27 
1885.91 1800.77 
2248.62 2946.95 
1855.93 1785.07 
1976.08 1922.03 
1508.61 1842.10 
1329.73 2126.21 
1099.80 2646.98 
1198.77 2687.37 
1220.83 2567.84 
2523.53 2574.40 
2596.52 2300.83 
1996.23 3164.74 
1236.23 2658.81 
1988.62 2776.55 
2938.59 2464.73 
1884.94 3080.02 
1992.38 2042.22 
1523.55 2988.20 
1730.98 2881.24 
1652.21 2665.33 
1838.48 2557.53 
2145.02 2590.63 
1545.03 2501.39 
2303.56 1519.27 
1766.70 2948.80 
1827.36 2890.98 
1895.37 2771.57 
2464.83 2253.34 
2549.59 2311.13 
1676.63 2840.27 
1830.06 3038.28 
1445.27 2994.23 
2384.55 2779.69 
1862.54 1677.83 
2253.26 2124.45 
2593.61 2502.78 
2639.52 2123.11 
2818.96 1867.29 
2119.68 2574.67 
2381.15 2592.04 
1795.80 1479.22 
1579.24 2036.92 
2239.48 1932.06 
1972.31 1555.71 
1249.35 1751.49 
1940.46 3122.13 
2687.43 2237.58 
2533.16 2885.41 
1960.81 1876.85 
2371.12 3123.46 
1588.01 2665.05 
1712.50 1550.65 
2623.53 1827.39 
2142.97 1754.58 
1604.73 1728.24 
1991.32 1967.19 
1113.99 2613.18 
1953.26 1429.09 
1138.14 2832.85 
2495.12 2496.74 
2239.21 2822.98 
2209.71 1840.96 
2754.77 2537.13 
2451.50 1834.24 
1475.99 1828.31 
1132.95 2660.45 
2187.93 2423.68 
2020.06 2480.95 
2050.63 1898.92 
1968.25 2086.25 
1108.05 2347.49 
1477.32 3007.23 
1389.86 1837.41 
2024.64 3186.51 
2423.22 2500.54 
1168.74 2263.12 
1195.45 2429.01 
1854.20 1708.22 
2037.92 1514.20 
2513.72 2122.75 
1818.21 3232.63 
1221.85 1981.04 
1358.57 2664.40 
1930.52 2824.53 
2448.41 2134.50 
2680.76 2866.26 
2480.06 2229.63 
1575.62 1561.80 
1389.11 2983.02 
1843.70 1762.65 
2567.02 2946.86 
1551.65 1939.04 
1782.91 2607.50 
2967.33 2242.84 
2275.33 2278.09 
1231.40 2700.96 
2218.44 1416.46 
2007.34 2086.40 
2057.04 1483.51 
1711.99 2991.59 
1414.95 1730.51 
1968.12 3143.40 
1902.54 3087.57 
2334.13 1535.12 
2265.94 2233.87 
1875.98 2941.68 
2446.73 1983.48 
1726.74 2008.77 
2407.06 2906.78 
2521.61 2252.64 
2567.76 2281.50 
2238.79 1384.66 
1596.42 1805.29 
1165.95 2673.99 
1361.08 2961.86 
2600.60 2054.13 
1101.62 2270.01 
1531.61 1977.27 
2236.19 3064.89 
941.75 2463.92 
2436.90 1787.94 
1947.53 3068.98 
1779.43 1707.05 
885.04 2086.43 
2578.16 2533.87 
2436.29 2395.13 
1453.93 2312.09 
2289.13 1470.16 
1749.44 1489.80 
2253.55 2791.86 
1553.18 2944.72 
1451.69 1671.35 
2269.52 2479.83 
1969.21 1478.78 
2254.85 1704.03 
2179.21 3022.57 
2559.21 1554.94 
2630.58 2872.37 
1607.26 1578.42 
2352.52 2652.89 
1853.65 1989.47 
3132.47 2066.52 
1646.98 2963.70 
2684.69 2533.20 
1886.55 2841.98 
2249.50 2003.13 
1879.95 1704.40 
1553.08 1824.40 
2863.05 2525.99 
2530.92 2338.69 
2196.59 2839.52 
2377.08 1678.41 
2697.21 1598.05 
2636.26 2244.75 
1912.74 3100.96 
2572.21 2821.25 
2537.43 2543.44 
2443.41 2275.69 
2465.09 3093.63 
2204.00 1517.81 
2551.72 2062.92 
2640.96 2702.09 
2421.67 3110.40 
2434.91 2230.07 
1869.06 2569.64 
2695.94 2054.81 
1420.71 2704.34 
2531.26 2216.37 
2497.69 3133.34 
1846.05 3254.53 
2509.65 2605.23 
1574.91 2696.07 
1289.14 2822.63 
1563.50 2704.48 
2666.39 2264.75 
1541.33 1855.66 
1857.45 3106.32 
1354.24 2915.53 
2668.78 2141.82 
2725.07 2301.31 
2551.21 2858.29 
1851.58 2861.53 
1285.71 3007.38 
1465.39 1870.76 
2979.58 2774.66 
2220.95 2603.65 
2608.73 1780.29 
1762.74 3189.37 
2449.87 1911.13 
1433.34 1700.96 
2455.75 2871.48 
1860.27 2059.41 
3191.77 1851.85 
2641.04 1796.30 
1220.13 2322.92 
2667.05 2121.37 
1260.33 2627.91 
2987.67 1684.00 
2043.36 3240.00 
1664.55 3325.45 
1543.36 1544.76 
2317.70 1567.39 
2452.16 2811.98 
1826.02 2588.46 
2521.52 2292.18 
1355.59 1856.00 
2508.93 2360.26 
1484.36 1590.78 
1245.20 2706.49 
1349.05 2465.82 
2408.74 2376.02 
2190.47 1397.07 
2711.36 2284.15 
1508.60 2072.63 
1069.11 2961.84 
2487.54 1596.98 
1568.38 2142.48 
2433.65 3370.68 
1839.29 2519.90 
2494.34 2150.97 
2233.14 2572.71 
1483.32 2811.39 
1552.23 2097.74 
1700.88 2232.20 
1135.49 2249.37 
876.45 2847.87 
1411.88 2283.61 
2799.51 2367.30 
1614.31 1398.16 
971.76 2792.95 
2636.52 2334.50 
2960.17 2802.96 
2055.63 2546.04 
2308.25 1339.68 
1542.00 1869.82 
2426.80 2850.89 
1717.13 1291.96 
783.62 2005.31 
2245.40 2541.70 
2618.92 1900.82 
1129.51 2393.11 
2422.00 2345.96 
2282.84 3058.59 
2632.79 2102.37 
1857.22 3059.29 
1454.69 2787.61 
1336.93 1554.93 
1419.26 1396.38 
1605.49 2706.71 
2771.29 2507.39 
1614.50 2950.42 
2136.86 3052.28 
1828.86 1360.94 
2278.65 2397.92 
1590.50 3684.13 
1999.81 1495.28 
1346.22 2262.50 
1374.69 3230.87 
2605.28 2314.95 
1891.37 1395.31 
2012.95 2898.78 
1201.94 2276.65 
1213.97 2524.99 
2018.84 1544.87 
2596.13 2882.54 
1589.92 3021.88 
1692.39 1847.61 
1977.16 1997.29 
2814.52 2258.58 
1823.78 1691.82 
1744.79 1980.87 
2619.30 2130.65 
1571.67 2217.40 
1726.85 2657.79 
1859.91 1114.36 
1075.90 1772.35 
2123.56 2919.63 
1608.12 2684.82 
2831.21 2072.34 
1950.58 2102.63 
1975.75 2869.58 
1519.46 2363.59 
1424.67 3052.80 
2590.88 2132.71 
2150.81 1460.14 
2584.14 3354.78 
2565.95 1604.32 
2667.48 2044.74 
2732.38 1578.42 
2369.08 2810.24 
2638.78 1560.38 
1621.30 1547.51 
1293.71 1899.61 
1356.94 2677.51 
2886.42 2838.32 
2505.50 2372.38 
1750.01 1690.95 
1398.50 3013.64 
1551.86 2400.90 
1692.82 2945.19 
886.94 2401.22 
2294.05 2796.65 
1793.99 2969.01 
1423.11 2297.41 
893.17 2006.43 
2781.97 1925.78 
1369.24 1824.70 
2004.57 2030.14 
2336.28 1359.23 
1683.16 2677.26 
2695.70 2577.70 
2671.99 2565.71 
2254.73 1901.21 
1944.88 2793.66 
2052.64 1253.44 
1180.04 1999.51 
685.01 2803.77 
1810.07 1723.30 
1401.54 1840.21 
2234.31 3053.26 
846.11 1872.40 
2797.79 2443.22 
1548.79 2022.48 
2781.74 3127.35 
2362.07 1603.01 
980.52 2560.38 
2030.23 1511.42 
1543.20 1893.28 
2283.64 3247.62 
1751.01 3134.81 
1742.75 1905.71 
1103.23 2975.19 
2587.14 2374.92 
2853.15 2818.45 
2207.75 3043.72 
2161.52 3136.52 
1730.89 1520.29 
2667.38 2803.03 
1121.23 2127.94 
1020.83 2327.77 
2224.57 1886.68 
2289.00 3245.79 
1893.02 3507.80 
2239.73 1855.72 
2420.81 2685.27 
843.28 2871.78 
2581.35 2915.22 
2466.29 1880.65 
2413.72 3056.10 
1197.20 1966.39 
1505.24 1581.71 
2285.14 2090.96 
1643.70 3056.03 
1576.84 2673.06 
2767.35 2268.07 
1419.52 3238.53 
1984.83 1298.61 
2602.07 1750.00 
2492.83 1475.66 
2265.70 2776.12 
2691.66 1979.15 
1318.48 3020.82 
2815.30 2346.73 
1963.92 1162.30 
1330.92 2332.61 
2105.30 2604.66 
2201.66 2393.11 
2037.67 3241.64 
2009.72 984.59 
1876.35 1580.10 
2480.30 2002.96 
2356.23 2871.56 
1179.99 2641.12 
1071.50 1581.82 
1443.12 1814.55 
1388.81 2691.46 
2341.43 3101.65 
1391.99 1241.77 
2863.72 2700.69 
2361.93 3160.55 
2116.50 3155.23 
2800.59 1898.68 
2906.21 2811.14 
1490.73 2974.70 
1812.92 3338.94 
2536.04 2702.66 
2342.46 2902.75 
1931.25 2838.68 
1865.60 2830.20 
3094.25 3041.46 
1963.29 2901.57 
2996.74 2651.93 
2673.38 1933.27 
1639.14 2696.68 
2113.50 1558.89 
1503.39 3423.17 
1518.50 2007.76 
2473.37 2298.88 
1832.14 2961.95 
2662.58 2380.06 
2513.75 2909.44 
1754.84 1874.61 
1844.06 3138.44 
2558.72 2234.38 
2214.13 1914.83 
2269.58 1947.04 
1470.04 1947.59 
2452.75 1892.67 
2245.60 2141.80 
2304.51 2894.84 
1855.23 2490.74 
1789.31 1848.77 
2031.45 2818.04 
2195.05 1794.86 
1832.97 1417.20 
2097.85 990.32 
2850.00 2559.74 
1488.00 3144.72 
2187.66 2791.65 
1097.80 2157.09 
1102.06 3391.30 
2834.12 2764.47 
1772.49 2600.29 
2499.81 2941.17 
1387.95 1871.37 
2190.19 1159.97 
2548.26 2885.50 
909.03 1742.75 
2172.28 1503.72 
1735.11 3167.86 
2342.78 1222.14 
672.03 2647.08 
2509.71 1285.56 
465.11 2327.10 
1960.10 3342.79 
1523.19 1551.57 
2672.89 1295.61 
2242.52 2379.97 
2486.94 1318.84 
2470.44 1937.46 
2029.45 3572.92 
1127.32 3129.56 
1950.90 2471.15 
2986.39 2052.99 
1299.40 2318.53 
1938.48 1461.92 
1137.10 2988.56 
1806.19 3438.14 
2853.30 1915.40 
2632.90 2025.55 
2526.17 2327.97 
2945.75 1746.97 
1618.53 1462.18 
2208.46 2634.90 
2254.48 1977.25 
2091.04 1427.20 
1517.41 2118.49 
1406.62 1808.35 
606.49 2387.36 
1310.49 1581.91 
2494.94 3027.83 
1299.16 2973.83 
1787.82 2982.78 
2987.83 1973.49 
2180.75 3032.08 
1147.95 2063.66 
2934.74 2062.91 
2153.73 2684.99 
2156.93 3137.83 
2458.46 1299.46 
2189.48 1715.45 
1113.14 2124.65 
1408.50 2329.25 
1161.80 3437.54 
2130.04 1767.78 
2311.42 1204.53 
2435.54 3326.04 
2178.59 1826.00 
1728.45 1996.92 
2105.11 1285.81 
1951.53 3555.51 
1719.62 1674.71 
1347.04 1520.71 
2994.46 1346.14 
1884.11 2002.50 
2602.25 2438.96 
1431.06 1846.05 
3142.88 2625.25 
2150.71 3001.18 
2613.56 1256.66 
2454.64 3036.29 
1511.77 3031.67 
1998.34 1018.78 
2711.07 3160.63 
2397.69 2830.53 
1401.15 1427.64 
2506.91 2465.35 
2417.16 3112.47 
2128.92 1606.71 
2637.32 1841.66 
2482.85 3364.92 
1802.35 1215.04 
1770.28 2638.67 
2122.87 1440.58 
2429.56 3328.48 
2020.13 1682.13 
1932.93 2498.99 
2784.26 2476.89 
1447.07 1824.36 
2536.62 3011.76 
1652.00 3104.63 
2293.63 3517.65 
2930.99 1698.58 
2566.08 2214.92 
771.77 2119.83 
1495.97 3370.91 
1785.76 1887.99 
1253.81 3093.11 
1496.93 2219.29 
1269.19 1521.48 
2647.83 2039.05 
2431.44 1861.45 
2660.22 3166.42 
3210.51 2536.23 
2264.81 3086.40 
1565.52 2067.38 
1840.30 1738.78 
1780.91 3221.85 
2227.52 1437.72 
1641.26 2773.25 
2506.17 1525.06 
1340.64 2419.21 
2265.24 1133.60 
857.22 2032.58 
1927.03 2573.61 
1804.43 1932.37 
1245.55 2668.98 
2092.77 3072.88 
1162.78 3202.05 
1500.59 2680.51 
2020.88 2130.61 
785.33 2772.24 
1214.36 1903.90 
2618.04 1045.10 
1306.01 1868.16 
1541.43 1521.17 
1496.68 1885.90 
2237.58 2374.21 
2715.72 3023.09 
1079.64 2598.23 
1437.51 1364.93 
2564.15 2640.07 
2348.53 1583.17 
1798.03 2537.92 
2584.63 2789.18 
1575.91 1961.25 
1597.27 2659.61 
805.77 2822.32 
1954.56 1800.67 
1807.00 3340.18 
1478.79 1839.67 
2433.82 1359.08 
1626.43 2684.68 
776.97 1774.57 
1256.50 1809.63 
2099.24 1754.19 
2816.46 1821.16 
2538.22 1541.21 
1338.77 3247.45 
1617.08 1851.82 
1131.38 2787.27 
1773.59 1919.21 
2284.56 1592.73 
2879.98 2117.27 
2508.13 2994.92 
2956.69 1666.63 
2781.49 2852.48 
1479.62 3019.76 
1151.10 2953.83 
1745.45 2463.50 
2448.68 3139.02 
2493.37 875.19 
2652.81 2834.29 
1714.67 2648.59 
2111.72 3156.53 
1638.25 1594.81 
1289.86 1825.01 
1777.67 3415.21 
2539.20 2262.40 
976.58 1588.47 
2659.05 1412.94 
2535.09 3191.84 
2667.31 1577.88 
952.31 1700.64 
2524.25 1492.05 
2407.79 1313.27 
839.76 2065.55 
2781.23 2081.24 
2683.99 2355.16 
801.63 2051.24 
1514.84 1883.49 
1348.06 2363.85 
2692.03 1428.96 
2751.33 2312.62 
2366.73 1027.23 
2153.58 3451.45 
1357.90 2512.68 
830.53 1905.40 
2626.81 1748.98 
1898.48 1674.90 
1524.67 2158.52 
2577.80 3149.66 
1234.37 1949.56 
1394.62 1154.38 
2292.03 2927.06 
2503.24 2071.37 
878.16 1807.37 
2272.42 1503.62 
2262.50 3068.49 
2260.96 2914.59 
1228.82 1872.51 
1558.78 1915.69 
1083.48 2926.92 
2011.95 1233.36 
2407.89 1693.92 
1650.79 1334.93 
2470.26 2559.71 
871.81 3111.04 
2211.30 1125.64 
2109.45 2950.93 
1487.96 1211.84 
2420.17 1308.08 
2546.68 3127.51 
2151.08 1354.18 
1309.28 2801.18 
1001.08 2936.42 
1455.81 1333.45 
1807.51 2880.07 
1073.89 2032.52 
1680.40 1878.82 
2290.35 1132.10 
2479.03 2970.70 
2104.64 3458.28 
1813.01 1551.40 
2468.03 2697.98 
2297.47 2254.13 
1398.63 1509.17 
2142.22 1409.19 
866.79 1420.95 
1281.46 1931.11 
3050.99 2632.20 
1733.94 3609.66 
1459.73 3123.57 
1062.60 1692.31 
1988.58 3004.20 
2762.71 1681.12 
1901.35 1846.22 
2826.91 3359.15 
1439.16 3325.84 
2833.83 2845.81 
1748.95 1522.18 
1721.87 3163.82 
1536.96 2996.30 
1984.15 1445.75 
1573.38 1480.40 
2900.62 2953.39 
2417.45 1802.73 
1328.09 1912.78 
2492.61 2056.57 
817.23 2017.21 
1990.67 2574.74 
1437.11 2657.07 
1735.20 3244.19 
2694.28 2358.01 
2448.63 1925.61 
1502.67 1860.80 
1097.19 3106.85 
1443.02 3564.66 
2814.38 2024.23 
2271.71 2472.24 
2175.56 3103.83 
2173.79 2822.42 
2628.19 3144.29 
1621.97 3033.82 
1305.29 2794.31 
2422.34 1741.25 
2658.39 3071.67 
2868.71 3143.96 
1816.74 3491.03 
1179.75 1456.05 
2579.91 1685.66 
1900.49 3042.93 
2875.11 1500.02 
1459.23 3004.05 
1851.37 1386.04 
2182.29 1370.62 
1932.11 1143.86 
2537.33 1585.90 
2036.66 3126.78 
2046.48 3411.39 
1248.70 1918.76 
1490.26 3016.50 
1494.43 1483.04 
2253.10 1578.68 
2537.13 2378.77 
1325.95 2651.87 
2830.87 2238.33 
1863.04 2115.33 
2609.32 2472.80 
1365.71 3000.29 
3063.34 2517.28 
2650.82 2074.34 
2481.25 3059.77 
2690.47 1549.20 
1557.78 3010.35 
1684.30 1492.52 
1749.16 3392.71 
1377.34 2314.70 
1985.69 2878.71 
1406.97 1917.52 
2370.13 2840.27 
2274.46 1674.39 
1397.92 1761.89 
2943.95 2854.92 
1336.49 1809.32 
796.64 2248.64 
1977.20 965.01 
1168.70 2482.84 
2216.84 2329.99 
1537.01 1000.33 
1844.79 1565.80 
2528.41 3652.90 
2284.61 2650.87 
3272.83 1948.04 
2738.75 2407.26 
2476.79 3061.90 
1655.96 1452.49 
2926.14 2783.86 
995.66 1556.60 
2686.29 2983.46 
1628.76 2956.80 
3003.40 3083.11 
1890.41 3473.67 
3068.07 1571.03 
2377.76 2853.78 
2236.29 1402.98 
1331.73 2250.88 
1467.40 1018.22 
1582.11 2112.17 
2878.45 2670.10 
2467.75 1052.21 
1562.40 1991.84 
2488.39 1982.08 
3603.62 1985.43 
1652.63 1057.29 
3050.74 2328.17 
2366.96 2622.52 
2569.70 2029.73 
2704.46 2884.93 
1322.92 1840.51 
1860.26 1378.05 
2043.53 1251.10 
2710.63 2367.23 
1242.64 1841.00 
2767.31 3169.62 
2418.81 3117.55 
2700.27 2130.00 
2182.96 1901.32 
2293.09 3004.00 
2402.33 1342.41 
1246.77 3043.92 
2804.40 1820.83 
2447.52 1409.57 
755.31 1452.42 
2731.11 2340.80 
2528.43 3155.32 
1452.58 995.00 
2128.28 2677.48 
3097.25 2455.53 
2103.25 1471.86 
1754.66 1226.84 
2718.71 1529.48 
1066.95 3315.32 
1718.46 3380.85 
878.23 2294.98 
1570.65 2969.15 
1396.78 3031.47 
2445.69 2622.42 
2915.82 1562.76 
2520.48 3656.18 
2434.90 1865.57 
1675.43 3183.63 
2103.24 2903.20 
2338.12 2683.20 
1674.29 1502.14 
1470.00 3218.27 
1059.75 2525.34 
1510.23 2794.60 
2004.25 1265.95 
2515.27 3389.09 
1468.16 2280.88 
1468.87 2669.02 
1017.13 2913.25 
2422.89 2875.18 
3031.29 2412.42 
1705.43 3155.36 
2467.40 3003.26 
2320.15 952.71 
1626.02 3082.03 
2753.27 1751.40 
1765.85 3359.77 
1303.65 1793.66 
2058.49 967.08 
2619.71 1795.83 
1743.43 3003.47 
2148.20 976.07 
2623.14 2450.11 
1629.10 1820.33 
2206.23 2258.87 
799.66 1971.60 
1328.20 1550.83 
1108.67 2046.64 
1367.66 2764.61 
1707.01 3146.80 
2644.71 3103.78 
1384.00 1540.09 
1763.07 3633.81 
2673.74 2308.73 
2313.99 2300.33 
864.58 1478.73 
2638.67 1874.66 
1701.47 1289.66 
1852.08 3707.78 
496.57 2622.06 
2674.54 3016.24 
1542.63 1282.71 
2951.37 2353.19 
1989.40 1667.94 
2051.19 1695.69 
1192.02 3225.34 
2973.02 1925.86 
1527.83 1900.90 
1207.81 1265.72 
2482.64 2528.25 
2713.82 2100.92 
2271.46 2681.43 
1252.24 2993.71 
1307.62 1237.16 
882.39 2946.34 
1494.07 1365.62 
1194.86 2416.97 
1520.67 1810.74 
2594.14 1733.14 
1455.17 2700.14 
2170.42 3054.58 
1465.11 3052.59 
1181.81 2950.95 
2701.78 3397.68 
1796.02 2878.08 
1213.01 2654.61 
1679.59 2975.96 
797.11 1884.54 
2434.98 1847.99 
2744.78 2271.27 
1889.58 1136.05 
1267.22 2304.22 
1944.23 3023.23 
1998.84 2439.41 
924.53 1710.58 
1000.72 3218.27 
2446.52 1907.32 
1811.75 1310.79 
1778.73 3553.06 
1509.82 1236.50 
795.28 1741.37 
1527.87 1497.87 
2145.49 3565.68 
2170.29 1428.88 
2614.19 2389.57 
1389.17 3226.42 
1432.53 3041.49 
1334.06 3006.34 
1797.32 1343.09 
1309.24 1872.02 
1318.04 2845.68 
3187.24 2566.44 
2136.22 1303.09 
2846.72 2566.56 
2253.51 2503.26 
1314.73 2286.64 
1712.33 3381.85 
857.19 2800.40 
1863.33 2973.90 
1093.49 2078.68 
1537.44 2457.92 
3158.51 1833.14 
2677.64 2059.24 
3613.82 2039.24 
1230.70 1781.12 
1841.33 3094.75 
1483.01 1916.74 
2819.21 2796.05 
2449.20 2813.82 
2787.66 1318.26 
2672.23 1463.45 
1132.55 2335.48 
1680.08 2777.12 
1589.58 3491.77 
2958.74 2822.48 
1069.03 1276.17 
1018.02 2075.33 
2535.34 2918.15 
1724.15 1568.01 
1780.81 2566.89 
2608.51 1541.81 
1792.51 3658.30 
1628.49 3164.35 
2251.98 2049.74 
1729.91 3422.26 
1265.49 1721.39 
2451.91 2319.16 
1006.01 2701.45 
2436.22 2236.70 
2484.65 2102.28 
2642.71 2006.60 
900.51 1924.49 
1196.42 3514.97 
2017.33 1981.34 
1653.08 1564.19 
3256.08 2473.43 
2352.83 971.04 
1589.56 1530.74 
1590.28 1930.35 
2616.08 3341.77 
3250.20 2393.30 
1585.34 1922.69 
3030.51 2008.42 
3321.61 2882.45 
2304.64 2969.53 
2861.22 2534.36 
1148.15 2138.66 
2445.11 2283.15 
2388.51 3095.68 
1781.10 1536.73 
907.38 1845.20 
1883.76 3475.09 
467.41 1968.53 
1859.51 3318.87 
1194.98 1857.15 
2329.57 3228.84 
2327.31 1532.76 
1256.87 3320.26 
862.17 1839.79 
2691.51 3255.03 
2328.84 3399.06 
1913.40 3349.74 
1374.77 1902.36 
1252.59 1329.03 
1540.06 1465.13 
1250.48 2258.62 
1481.44 1871.68 
1274.45 2596.32 
2016.02 3446.36 
2009.80 3448.19 
834.24 1985.07 
1438.74 1932.59 
1417.50 1557.07 
2326.61 892.24 
1893.81 2507.87 
2774.82 1724.18 
1687.01 3151.66 
2762.63 2879.91 
1341.82 2292.57 
2284.88 3192.34 
1816.56 1901.41 
3254.68 2968.17 
574.74 1401.53 
2138.50 3568.07 
2492.13 2523.32 
3308.53 1796.43 
2834.07 3121.72 
1537.77 971.02 
1840.77 1148.21 
1448.70 1500.73 
1679.43 3125.88 
1255.95 3561.71 
1600.93 2982.55 
924.25 1294.58 
1131.45 2935.62 
1303.96 1842.07 
1482.76 2249.84 
1528.58 1203.73 
2240.04 1146.26 
2093.87 3317.26 
3066.29 1863.18 
2571.96 2040.01 
2819.55 2016.57 
2917.63 3378.60 
1669.17 1271.05 
1581.66 2702.78 
2427.81 1882.66 
2240.11 2476.67 
1834.46 1716.17 
2698.31 2950.75 
1510.27 1854.84 
1835.08 3461.13 
2248.21 1169.38 
1299.52 3020.88 
724.50 1519.04 
1622.35 1699.11 
2812.73 1285.15 
2704.21 2393.51 
1394.65 3415.15 
752.13 1891.00 
2604.98 1776.08 
1121.16 3204.49 
2976.20 1845.51 
2480.11 2340.12 
2167.18 2902.33 
926.13 2964.31 
1155.90 1582.19 
1559.67 3469.04 
2019.06 2849.74 
3019.97 1704.95 
2400.13 1757.13 
2752.20 2376.25 
2399.06 1045.76 
1342.81 3437.41 
1094.21 2379.19 
1694.67 1580.72 
1702.29 1009.40 
1647.17 3538.25 
2609.69 2850.39 
2605.15 1040.36 
2117.03 2871.98 
1742.27 821.23 
2998.77 3088.97 
2511.89 2054.54 
1606.50 1495.71 
2974.06 2790.01 
1158.89 2029.65 
1588.25 3013.74 
1592.90 2006.44 
2196.27 1870.77 
1444.37 2294.79 
2734.62 3589.34 
2510.64 2367.73 
2297.66 3163.84 
893.63 1774.99 
1100.33 3432.33 
751.33 2491.38 
1555.97 1249.86 
2696.45 2501.53 
2124.52 3085.31 
3229.23 3242.61 
2347.58 2955.69 
1795.11 3516.72 
2334.93 3227.10 
2787.97 3584.93 
1612.93 2126.30 
2046.18 2953.41 
1200.56 1935.81 
2351.64 2954.21 
2887.19 3115.91 
1054.53 3207.11 
2383.14 2809.06 
1099.24 3025.41 
2481.14 1926.87 
2639.89 3107.00 
1170.81 1551.24 
943.05 3137.28 
1495.09 2692.04 
1541.39 2644.45 
1853.78 3320.11 
1986.06 1891.62 
2167.06 1320.28 
2450.90 1489.11 
1979.73 3181.27 
866.47 1919.01 
2942.07 3110.11 
1478.18 2408.00 
1950.41 3231.77 
1670.41 3184.09 
1220.29 1536.31 
1684.05 2780.38 
1213.30 2513.00 
1622.41 794.65 
959.30 1725.02 
2221.52 924.17 
2873.94 2504.12 
2371.64 3323.37 
1379.23 2272.93 
2762.40 3173.96 
1418.99 1877.35 
1501.71 3231.50 
2167.68 3483.48 
2267.27 2047.14 
2991.43 1355.63 
2710.73 2917.81 
2696.80 1135.84 
1897.05 2123.95 
2739.38 2568.80 
1601.24 3375.27 
1587.30 1758.94 
2537.07 3257.05 
2169.23 1194.07 
2160.04 2853.49 
2678.56 3593.32 
1932.07 3725.42 
2590.63 1290.75 
2059.24 1216.42 
1061.49 2911.14 
1285.87 1505.31 
1541.35 3432.16 
2551.48 3224.04 
2962.42 3084.10 
2195.52 1717.39 
1496.19 1873.35 
1262.65 3372.79 
2210.37 1763.61 
1872.13 3675.20 
1296.47 1903.25 
2587.02 2252.85 
1145.05 2615.60 
3539.35 2607.47 
1857.04 1533.09 
2133.45 2544.42 
1392.40 2283.59 
1651.56 1477.45 
2780.14 2237.92 
1922.17 3487.91 
2348.50 3193.91 
3279.98 2242.90 
1716.77 3164.11 
2966.27 1294.86 
2274.51 2465.24 
2200.65 3666.09 
2122.45 1005.00 
2798.35 1774.47 
1447.16 1381.71 
3355.38 2345.73 
1687.77 1469.24 
2445.47 2156.87 
2586.54 2260.24 
3061.73 2268.47 
2709.81 2707.73 
1759.97 3360.79 
1589.31 1268.66 
2831.85 2598.59 
2554.49 1224.82 
1205.12 1889.03 
2112.52 3106.10 
3014.61 1364.18 
1491.65 1268.88 
1745.14 1851.55 
2401.31 1427.24 
1083.48 1921.98 
1378.98 1345.50 
3200.65 1903.02 
2923.73 1775.89 
626.60 1866.69 
884.86 3585.54 
1160.86 1841.74 
2708.82 1189.69 
1943.25 3371.88 
2002.81 2972.37 
2662.02 2893.29 
2749.71 1585.52 
2748.88 3208.12 
2682.20 2771.88 
2357.27 1273.67 
2804.73 2827.99 
1188.08 1922.30 
1321.17 1520.65 
1379.96 952.58 
882.74 1886.80 
2481.43 2236.00 
1993.21 927.85 
1831.11 2041.78 
1164.06 2155.01 
1880.22 2583.27 
2677.03 2008.07 
1137.90 1600.19 
2561.53 1271.49 
2490.98 3030.24 
2198.62 1337.35 
979.24 2840.27 
2776.09 2891.61 
1225.88 2395.90 
2791.23 2250.90 
1870.91 1353.97 
1635.27 1909.73 
1514.38 1931.73 
1111.70 2601.24 
2900.37 1289.22 
432.90 2267.80 
1642.52 1485.48 
2684.41 2029.54 
1939.14 1608.25 
2123.96 1784.03 
2678.28 3138.48 
1448.69 2708.64 
1477.48 3405.79 
971.21 2841.36 
2541.37 3430.03 
1750.71 1502.07 
2279.82 1187.12 
1636.33 1253.02 
2955.83 3188.40 
2570.07 3187.82 
1735.78 1259.41 
2654.20 3074.86 
1620.27 1004.78 
1356.86 3213.54 
2106.05 1041.65 
1012.29 1709.36 
3342.31 2629.63 
2343.36 3195.87 
1331.60 3032.76 
934.70 1372.04 
3191.33 2451.84 
2684.08 2319.45 
3091.58 2883.98 
2052.85 1445.66 
1155.02 3217.28 
2677.31 1524.86 
1282.73 2272.79 
2056.54 3427.90 
1991.10 1526.17 
1430.58 3026.17 
1292.08 946.29 
2611.64 3172.34 
1890.20 3118.63 
2372.92 1596.14 
1809.97 925.85 
1344.61 2696.42 
2189.51 875.66 
1448.43 1859.59 
933.50 1732.98 
2319.66 1349.46 
1500.78 2269.04 
2906.85 2607.35 
1257.19 3447.69 
2921.30 2574.39 
2098.48 3138.54 
1821.12 1122.11 
1627.06 2095.79 
1647.14 2839.30 
531.01 1725.21 
2477.13 1135.85 
1516.01 3166.00 
1561.50 1592.85 
1500.88 1962.51 
1340.64 2621.60 
2051.44 3000.69 
3098.99 2682.61 
1224.37 2292.29 
2584.52 1704.24 
2031.28 2984.75 
2722.72 2600.22 
2815.14 3149.67 
2267.80 3453.36 
1363.09 2346.63 
1252.64 2336.71 
1915.58 3489.68 
1063.06 2532.86 
1517.16 1997.73 
2534.76 3433.14 
2494.63 2124.44 
633.25 1784.96 
2222.73 894.12 
1734.77 3346.10 
2000.06 2543.12 
2548.19 2595.23 
813.85 3426.57 
2792.05 3394.24 
1748.75 2930.23 
1825.60 826.10 
2780.97 2399.42 
1909.16 2811.72 
1217.97 2244.21 
1890.27 3224.25 
1411.74 3024.48 
2742.77 1207.28 
689.16 3048.24 
2663.69 1117.47 
1712.13 2797.79 
1689.22 1950.46 
822.42 1228.03 
1714.28 2689.39 
2865.31 1578.09 
1226.36 3538.14 
2686.98 2440.93 
3220.31 1428.68 
966.12 2923.34 
1379.71 1469.96 
2302.04 3620.30 
3016.30 3075.94 
2265.38 2545.71 
1919.84 2921.52 
2105.16 3406.20 
1285.81 1185.03 
2738.81 1702.97 
1080.59 2225.16 
1530.43 2358.77 
2030.78 3411.30 
2280.89 2387.70 
911.49 2860.97 
1257.97 1251.41 
1561.95 2992.02 
1151.05 3005.04 
2564.70 3190.84 
1634.58 1210.88 
2342.62 3142.59 
944.38 1757.26 
2662.43 2102.65 
1349.99 3440.81 
2824.98 3120.29 
3254.62 1448.30 
2670.94 3696.91 
1426.82 3427.83 
2112.75 3550.39 
2060.06 1412.91 
1549.87 3210.83 
2469.44 1968.56 
1721.97 1224.38 
982.54 1773.20 
1964.34 1331.33 
1293.21 2639.89 
1170.61 3001.77 
2835.93 1346.38 
2106.61 3008.36 
1233.89 2971.62 
828.98 2259.14 
1465.69 2765.26 
1944.44 945.45 
1543.77 3043.35 
2246.86 2524.94 
2410.65 2790.36 
2801.73 1329.44 
550.73 2434.61 
1786.90 3441.31 
1687.11 3367.00 
2650.41 2151.11 
1779.16 2902.79 
1188.28 2527.04 
2309.53 3617.50 
2049.20 3093.74 
2419.87 2287.22 
2956.42 1876.00 
1639.33 1510.67 
770.48 1854.78 
2354.49 3109.55 
1464.22 3217.89 
3299.00 2911.36 
1415.14 1808.97 
692.17 2852.27 
2261.40 3455.70 
2785.62 3398.67 
1773.47 1193.50 
1659.08 2969.19 
635.09 2634.19 
1208.93 1825.60 
1382.76 1458.40 
1538.60 2128.12 
1209.44 2011.94 
2003.22 3629.94 
2848.45 1398.41 
2206.84 3508.97 
2718.06 2853.11 
827.51 1545.63 
1599.00 2156.70 
3213.85 2038.43 
3354.06 2087.12 
1301.02 2994.40 
2461.98 2106.80 
1733.46 1308.14 
2300.16 2313.85 
1190.82 2283.27 
892.18 2407.27 
850.51 1952.07 
2974.99 3111.02 
1775.89 3326.20 
996.54 3170.86 
1892.81 1693.11 
1722.97 2613.78 
1573.50 2548.65 
2556.86 3221.41 
2638.60 1998.81 
1844.35 2640.18 
215.94 1717.16 
744.16 1971.95 
1706.93 3196.11 
2649.56 3402.68 
927.11 3070.06 
746.14 2412.72 
2694.29 1589.69 
1074.81 1344.86 
1561.26 2800.07 
1970.33 1846.29 
1940.70 1832.14 
2522.29 1207.26 
2283.42 1956.31 
1298.61 2583.14 
2773.12 3363.75 
1084.33 1696.55 
945.27 1450.30 
867.37 2353.62 
1747.86 1275.33 
2183.10 3317.43 
1771.54 3554.39 
3625.21 2095.34 
2991.65 3344.63 
2230.95 3469.99 
2200.24 3511.09 
2281.99 1468.34 
2200.18 960.52 
1600.07 2851.41 
2141.39 795.30 
2102.15 3532.82 
2298.21 1434.69 
1922.10 2791.02 
1377.10 2708.62 
2814.25 1023.82 
1992.99 3776.92 
1628.25 3203.56 
2486.30 2972.95 
1197.90 1424.51 
821.24 2785.79 
1495.42 1534.13 
2304.02 929.40 
2425.48 2790.99 
1499.30 2295.21 
2138.32 2822.13 
1053.38 2147.27 
2504.77 3182.56 
2874.69 2493.72 
3090.03 1753.57 
1413.99 1932.05 
2054.69 793.79 
1977.70 1333.66 
1848.66 3009.61 
1687.78 1322.70 
1529.96 1576.54 
1788.13 3517.99 
1586.27 2800.28 
2605.26 2546.53 
1172.22 2077.23 
2666.78 3373.69 
2287.23 1334.70 
2237.48 1270.08 
3254.01 1894.32 
2653.41 2313.27 
2009.76 3178.82 
2715.84 3483.91 
514.41 1759.82 
3097.68 1673.33 
892.02 3162.36 
1995.52 3211.73 
1905.48 2818.09 
1285.42 2350.80 
1271.01 1777.86 
2743.73 2959.18 
1974.23 2072.57 
2308.09 2076.12 
739.99 2979.78 
2789.59 1772.31 
1252.23 3015.96 
1793.21 1504.02 
2468.16 1535.93 
1541.05 2675.35 
2708.78 3488.10 
1525.33 2924.35 
825.75 1402.69 
1419.04 2254.90 
2430.10 3760.49 
2302.13 1300.03 
1583.98 2622.84 
2635.45 1952.00 
1615.02 1125.62 
652.31 2598.97 
1066.48 2633.35 
3060.49 1553.10 
1130.09 1246.69 
1157.12 1279.91 
2434.71 2462.41 
2227.57 1685.38 
2989.38 1832.78 
2521.85 1035.94 
1054.31 1308.94 
1921.50 3531.50 
1275.30 2242.43 
1513.36 1503.20 
1188.38 3230.05 
2318.93 3019.26 
1981.36 1214.14 
2227.95 2333.54 
721.87 2363.49 
369.50 2672.44 
2509.01 1154.09 
2719.00 3368.51 
1995.79 3632.22 
1594.61 2590.74 
1707.85 799.62 
1277.93 2681.85 
1254.23 1552.42 
3490.33 1727.36 
1757.82 2670.04 
3002.29 2555.18 
2881.16 2951.42 
668.72 3168.85 
2753.75 3202.60 
2105.77 3552.44 
963.69 1305.65 
2250.13 1898.80 
2444.25 1118.49 
2662.00 2981.05 
1580.97 3224.07 
2422.05 3902.15 
2204.81 1255.49 
1633.19 1366.59 
1758.35 2786.08 
1669.94 1302.93 
1674.63 3562.35 
1519.28 2599.00 
2920.89 2495.44 
1133.35 3179.41 
3603.76 2457.75 
1123.79 2114.65 
1249.17 2766.02 
595.26 1366.31 
2036.64 3374.82 
2235.70 1929.40 
2388.30 1291.65 
2251.85 945.24 
1804.32 3016.57 
1019.92 1597.41 
2935.47 1983.68 
1474.63 1246.17 
1308.93 2252.44 
2790.41 2859.85 
1452.60 3074.67 
2550.79 2979.90 
2428.62 1279.90 
2725.46 2677.60 
1450.16 1573.98 
3414.84 1992.58 
963.50 3188.27 
3049.04 3339.86 
3026.72 3314.86 
1193.46 1943.17 
1090.72 3056.97 
2144.31 1574.14 
1811.75 2062.08 
1550.13 2992.39 
2120.40 1207.32 
1350.72 3212.35 
1512.80 2264.52 
2940.33 3222.05 
2388.98 3344.61 
1605.88 1040.88 
2005.56 2981.93 
1719.15 1485.86 
2541.80 3616.14 
1221.76 2560.31 
2191.50 3700.20 
599.02 2622.48 
1276.13 1856.46 
2642.60 1189.35 
925.78 1813.26 
1111.53 1279.67 
2228.84 2605.25 
2757.23 1299.53 
996.91 1740.93 
1896.26 1924.79 
2771.23 2282.69 
1987.62 3365.59 
1945.58 1831.43 
1834.88 1307.18 
2094.58 3744.42 
1354.58 3400.90 
1054.43 1986.01 
1544.38 3210.95 
1437.72 2266.88 
2655.36 1930.37 
2978.91 1347.49 
2289.12 3005.41 
2322.70 3401.28 
2780.45 3135.41 
2985.71 2223.95 
2199.42 3697.38 
1310.09 997.99 
1879.96 1426.75 
835.59 2822.76 
2810.58 3153.84 
1767.94 1956.99 
2641.55 1940.50 
1351.97 1850.16 
2102.71 3741.56 
1594.43 2484.95 
923.84 2416.24 
1798.53 3157.98 
2407.59 2794.04 
2716.04 2361.86 
2960.90 1796.39 
2524.43 1750.66 
1762.22 1952.94 
2865.79 2449.05 
1677.89 1582.63 
1639.56 3170.86 
2867.02 1049.18 
1660.40 2932.73 
2734.76 3239.76 
2695.07 2100.41 
2506.42 3551.47 
1399.28 2778.02 
615.73 1331.43 
2967.37 2083.58 
2447.73 2058.92 
2369.11 1412.42 
3053.87 2136.00 
2599.90 1294.39 
2395.50 1868.73 
2027.62 1198.65 
2202.29 3072.34 
3277.09 2308.77 
1774.15 2005.61 
2467.12 3112.88 
2312.59 1484.28 
2433.70 1441.36 
359.36 2617.97 
2785.05 3107.03 
596.95 1588.85 
1266.72 2961.33 
2886.66 2986.36 
2800.27 3009.27 
1282.37 3115.09 
2880.86 1546.29 
2166.38 2949.55 
2872.24 3018.39 
1688.63 1270.67 
1531.38 1880.20 
2587.60 1573.67 
1885.99 2585.06 
2024.73 3412.92 
2000.70 1861.09 
2463.79 2071.05 
2664.92 2273.91 
1953.96 2993.56 
754.92 1985.46 
2431.49 3898.07 
1063.84 2553.27 
2458.19 2590.91 
2591.73 3572.18 
1656.00 2614.64 
1120.48 1261.90 
1335.38 3436.31 
2171.63 2764.59 
1654.70 1304.99 
1497.79 3064.92 
2260.61 2494.82 
1740.02 3465.02 
1196.59 2252.33 
1483.04 3604.23 
2504.32 2077.97 
1636.03 624.60 
872.26 3067.76 
1464.43 1859.52 
2144.00 1268.40 
1680.97 3367.78 
2102.20 3187.91 
2014.79 3733.25 
3033.46 2764.37 
2040.28 3191.49 
745.02 1364.14 
1537.93 2329.83 
2541.81 1054.90 
3156.89 2634.80 
2951.64 3179.18 
571.90 2920.05 
1850.14 1295.36 
2478.83 1426.43 
1288.42 2771.06 
1470.38 3405.58 
2748.22 2956.62 
2147.83 1812.69 
1996.39 1383.17 
3267.22 2279.59 
1840.26 948.71 
1382.96 3225.19 
2741.24 2294.49 
1717.62 3732.11 
2782.60 1848.67 
2810.36 2328.04 
3391.84 1718.38 
2781.35 2003.37 
3010.66 2787.92 
1487.15 2698.83 
1904.89 2978.05 
903.46 1731.40 
2729.66 3132.90 
2312.94 3712.17 
1105.78 1597.36 
1515.48 3617.33 
463.46 1865.48 
3034.36 2085.98 
2922.11 3138.05 
2199.59 3067.27 
696.03 2468.79 
1059.17 2064.66 
2330.41 3176.72 
3294.46 1519.47 
1968.24 2146.36 
1596.50 1428.83 
1702.29 1044.92 
2519.66 2656.71 
2663.02 3700.83 
2273.58 875.88 
1975.89 2855.22 
2962.79 1327.18 
939.86 2450.56 
1631.81 1912.93 
1674.38 3359.25 
1472.16 3588.32 
2618.68 1977.56 
659.05 1667.53 
963.64 3435.55 
1508.67 1264.37 
2092.28 1502.13 
1467.23 3348.27 
2539.57 3577.10 
2660.90 1023.56 
1874.75 3509.45 
1016.42 1290.81 
1562.64 2687.45 
1657.63 816.71 
975.67 1693.65 
1316.05 1003.26 
2853.93 2414.33 
3136.84 1903.95 
1726.14 3730.26 
2604.86 3103.54 
1066.81 3420.78 
1860.13 912.25 
2182.58 1754.36 
2705.24 1480.17 
2017.72 3388.50 
2175.09 1285.23 
1841.21 3651.12 
2763.93 2110.16 
2466.21 3711.24 
1669.12 649.62 
1618.32 3709.12 
845.20 1511.52 
1056.22 1377.36 
1387.14 3414.04 
1143.67 2060.91 
1502.21 979.22 
2168.54 3641.06 
1068.89 1953.94 
2399.96 3088.36 
2619.78 2431.70 
1691.81 3094.23 
2118.55 3647.41 
841.06 1369.52 
3192.66 1050.04 
2902.25 1600.08 
2641.64 2403.52 
3141.31 1397.97 
1365.27 1490.49 
1572.01 810.18 
1808.53 2697.27 
2695.58 1557.44 
1752.56 3177.33 
2815.38 2006.59 
2561.05 3130.33 
1499.22 2450.38 
2527.11 2877.90 
2780.57 1727.64 
2228.92 2403.26 
2953.59 3399.08 
2385.94 1345.98 
1531.08 2460.94 
2550.11 2671.12 
2669.08 2639.42 
2231.79 1959.20 
1728.64 3346.93 
993.41 2523.38 
1868.81 2868.35 
890.63 1764.25 
1590.67 3410.03 
2952.46 2433.62 
1698.05 3561.46 
2495.84 2636.15 
1559.71 1490.49 
2141.26 1173.23 
1267.51 2983.38 
2122.85 3371.21 
2116.96 3372.98 
1572.69 1869.41 
1665.93 3547.47 
2338.34 2787.64 
1054.24 2984.64 
3167.30 1366.23 
2380.18 2857.95 
3400.60 1854.59 
2587.40 1241.78 
1419.73 3427.60 
2216.17 2959.59 
1173.08 1997.85 
2128.18 2972.03 
2001.53 1936.64 
1659.31 3477.11 
1291.67 3395.51 
1079.35 3381.60 
1052.38 1887.63 
2226.47 3245.23 
1321.25 1203.61 
2648.60 2297.42 
2117.36 2778.84 
1378.73 3464.19 
2458.21 3714.57 
2357.34 3596.79 
928.05 3358.20 
2054.61 3158.61 
2575.39 2889.84 
1178.74 1573.50 
2177.40 3319.21 
2610.09 1414.05 
839.71 2422.12 
2602.89 3376.41 
1956.79 1277.86 
2642.24 773.75 
1260.91 1887.09 
487.05 2569.75 
2562.72 2564.59 
2531.77 3359.61 
892.47 2484.32 
2196.14 2030.05 
1450.06 1052.42 
3076.53 2156.28 
1475.56 1900.84 
3215.60 1956.51 
3164.20 1878.72 
1474.41 3604.50 
1558.02 2248.33 
781.51 2279.62 
2038.93 604.99 
1991.45 2680.23 
1922.70 3637.35 
2097.52 3189.24 
1148.21 1213.47 
2650.78 2693.59 
2760.30 1675.74 
2006.55 2881.58 
1562.82 2580.69 
1866.27 1910.00 
1761.68 2553.92 
1184.91 2230.45 
2355.16 3416.19 
2373.28 3536.95 
1088.65 2000.45 
2319.02 710.40 
652.01 2285.62 
612.57 1554.90 
1467.29 1903.75 
1282.71 1934.23 
3298.34 2099.25 
1054.32 1057.06 
2152.95 3531.88 
912.54 2529.47 
1424.30 2354.70 
1790.30 3210.97 
2433.64 859.04 
3041.11 1469.69 
2645.70 1362.62 
1980.25 3579.98 
3217.39 2541.45 
2172.51 1240.01 
2856.91 3018.05 
1173.80 2558.55 
2289.65 2997.77 
1786.51 1260.20 
3179.97 1418.95 
2649.73 2048.82 
854.22 2939.22 
1009.01 2408.91 
2028.64 1039.85 
1607.03 1975.78 
1959.34 2994.04 
2803.47 1573.20 
2817.24 1947.24 
1853.72 1139.63 
2596.61 3379.58 
460.57 2055.59 
1529.22 2413.36 
1377.51 1250.63 
2464.83 3109.32 
2042.28 1004.54 
2806.30 3363.47 
2499.66 2313.07 
3004.34 1450.38 
2055.66 1694.13 
1991.16 752.18 
1547.50 1170.33 
3065.94 2599.28 
1853.86 2061.10 
2412.16 1305.87 
1656.38 1262.20 
2684.84 2361.56 
2463.46 880.08 
1768.01 1460.15 
2970.42 3155.59 
2207.28 836.64 
2159.96 3529.55 
2571.73 2894.98 
1876.99 3067.21 
1185.91 3714.05 
3375.22 3199.59 
3010.43 1957.98 
740.14 2314.50 
2221.33 1564.66 
2486.15 1472.72 
2160.96 1140.24 
1275.56 1600.96 
2620.37 1894.71 
1608.07 3067.34 
2124.27 1514.59 
2511.19 1443.03 
2892.20 2640.97 
1545.25 1946.52 
1878.15 905.39 
1634.06 2466.57 
2375.23 3379.76 
2666.35 3504.33 
2506.23 2027.04 
2212.89 1388.12 
1951.49 824.34 
1440.43 2983.67 
2242.15 2581.78 
1371.69 3925.53 
1410.13 2821.90 
2423.40 2387.88 
2361.23 3414.16 
2413.55 2799.76 
2099.04 1592.62 
1166.60 1180.32 
2095.21 2960.16 
2270.72 3865.05 
928.01 3125.63 
1413.50 1120.37 
1792.84 1161.57 
2293.90 3471.15 
1165.89 2947.84 
1432.76 3204.82 
2693.66 2280.56 
952.15 2796.92 
1590.30 2804.53 
1692.22 3347.78 
2747.63 1026.46 
1019.50 1442.64 
2406.69 1911.08 
3297.50 2400.31 
3344.02 1558.54 
2919.49 2252.31 
2461.62 3682.11 
2621.72 2486.75 
1502.46 2630.91 
3501.75 2487.06 
225.39 2668.70 
2551.41 1056.18 
1429.94 1777.45 
2507.48 2282.39 
1906.62 3674.69 
841.24 1193.60 
474.18 1883.52 
1238.29 1522.85 
2090.31 985.65 
1692.66 837.53 
864.29 1829.92 
959.93 2510.43 
3054.27 1332.25 
2527.39 652.00 
2410.52 1591.30 
1406.07 3236.89 
2369.01 3381.96 
3129.95 3062.16 
2664.61 2389.43 
2259.68 1352.12 
2349.97 3599.74 
2761.94 2923.35 
1315.58 2353.70 
2767.43 1877.31 
1711.79 1892.35 
1616.79 2672.10 
3259.45 1499.89 
3166.97 2900.23 
2448.88 2661.09 
1974.35 3769.40 
2526.14 895.50 
2846.33 2492.31 
1873.91 1788.43 
372.70 2767.29 
1015.11 2899.88 
1992.38 3147.94 
855.38 2021.07 
2685.44 1513.02 
2680.71 1508.88 
859.73 1159.07 
1344.84 1165.74 
2821.43 1880.15 
158.15 2980.04 
1690.67 3562.73 
1201.86 1507.69 
2253.91 3488.65 
2534.36 3619.73 
942.96 1261.24 
1325.93 2664.54 
327.72 1951.61 
1793.76 1675.88 
1775.63 3706.12 
764.59 1330.03 
2137.16 2886.68 
2693.19 2662.93 
3411.21 2248.13 
1703.98 2949.65 
2577.21 3097.38 
2341.71 3512.41 
2407.12 1839.43 
1060.30 3560.66 
636.41 2829.50 
731.59 2248.53 
2011.03 3595.21 
2050.74 1127.73 
2560.26 2853.29 
2593.16 2859.66 
2135.61 1608.05 
3239.30 2420.04 
1193.05 3464.14 
1789.17 1720.52 
901.07 2663.61 
2517.65 1488.57 
2167.69 1707.98 
1510.06 2418.84 
1586.17 984.21 
1203.79 940.86 
1180.89 1888.72 
1775.32 3015.53 
1961.13 3246.98 
1995.31 2789.67 
2098.66 3200.99 
2316.27 2863.00 
2635.92 2787.39 
2597.84 2849.30 
1903.23 3190.57 
1868.06 3511.03 
2049.23 1004.53 
1658.55 3548.18 
2247.39 3491.10 
1960.58 1397.03 
1506.07 2984.33 
2863.52 1498.44 
2615.00 3378.22 
1699.92 2113.00 
2116.85 1799.03 
2690.75 2916.69 
600.64 1905.23 
1128.51 2092.70 
2116.17 3497.02 
1114.24 3201.86 
2128.10 3223.37 
2165.44 1857.45 
2271.69 1952.11 
2882.70 1791.53 
1486.45 3227.46 
2476.51 2145.82 
2644.18 3359.90 
2364.61 1841.23 
1541.17 2535.14 
2578.34 2610.34 
2486.02 2597.82 
2628.39 2799.59 
2416.12 3362.66 
673.29 2335.40 
1438.66 3393.43 
1484.34 2805.46 
1160.83 3242.24 
2430.34 1606.07 
2421.91 3360.42 
2623.60 2819.22 
1471.55 2997.32 
1670.81 3402.34 
1168.18 3182.24 
2593.18 1365.72 
2672.11 3038.92 
1898.81 3677.27 
2580.23 2877.52 
2020.90 2985.50 
1513.51 1417.04 
1405.03 2661.88 
2369.15 1844.95 
2247.00 2575.93 
2676.15 3515.84 
2740.60 3236.92 
1991.33 1413.72 
1142.89 3197.22 
1234.69 2290.24 
1674.05 2937.28 
877.38 1796.88 
1870.53 1755.60 
1398.12 3615.23 
1622.90 3203.58 
2240.39 856.45 
2986.07 2133.73 
1146.44 1873.58 
2208.71 1584.41 
1944.09 1346.51 
549.27 1690.88 
2752.95 3392.46 
2703.29 1313.63 
2695.94 2833.78 
2379.59 1599.84 
2732.01 2821.34 
1616.68 3570.56 
1358.41 3493.35 
2550.80 2512.62 
2377.02 2890.52 
1626.80 3381.76 
711.21 2663.98 
1864.45 1260.46 
3593.99 1933.17 
1670.41 1151.91 
2286.98 2352.73 
1425.66 1452.56 
1933.33 2873.99 
1767.66 3708.00 
2174.14 1668.82 
2556.72 1547.34 
2460.88 2065.52 
1544.52 3189.29 
2619.38 2362.45 
1068.14 2572.55 
2402.36 3144.96 
2574.66 1021.04 
1220.69 3493.45 
1012.77 2571.41 
1966.71 3245.92 
2512.41 1750.87 
1825.18 1518.47 
1972.33 3962.12 
2797.35 2820.29 
1278.62 2783.61 
2134.83 2823.33 
2350.06 854.49 
1389.19 2779.01 
2894.82 2637.70 
2178.83 2915.62 
1761.27 3136.67 
2050.32 2862.18 
815.80 2295.74 
2374.11 1888.22 
1654.78 1025.29 
2351.13 2837.30 
2245.23 2448.78 
1349.88 3690.08 
1367.20 3017.84 
1947.90 3169.04 
2727.40 1280.74 
2275.88 2373.72 
1736.81 1535.18 
1222.44 3243.31 
1693.63 1683.54 
1982.21 846.71 
2056.67 3983.02 
3199.55 3550.73 
1487.73 1993.02 
2021.92 1429.71 
946.11 2873.85 
1716.67 1507.41 
1177.19 2341.87 
3231.96 2509.56 
2193.39 1007.12 
2144.84 2649.10 
2461.98 1948.81 
1342.73 1255.92 
635.67 2990.95 
2229.30 2773.39 
3186.37 1409.23 
483.18 1912.04 
1739.35 1938.34 
506.91 1677.60 
2604.16 1853.59 
2674.50 2587.53 
232.00 2280.42 
2181.90 3475.51 
3246.08 2472.83 
1364.21 3044.85 
1433.24 2788.78 
2894.21 1676.80 
1187.12 1967.74 
1408.69 3577.84 
1213.84 2966.42 
1207.63 2571.02 
2337.33 2911.48 
1149.34 3471.28 
3431.22 1269.34 
1155.85 2218.98 
3518.59 1565.80 
1824.17 2639.38 
2234.88 1853.39 
2422.70 3023.27 
2771.14 3075.08 
652.01 1570.55 
1271.87 1296.90 
528.96 2705.84 
1552.09 2503.53 
2494.74 2048.94 
1535.55 2052.85 
579.82 2576.69 
1725.67 1696.05 
1319.17 3040.03 
2334.81 1220.59 
1123.81 2015.02 
1118.05 1936.80 
1059.90 2645.20 
1811.87 3110.84 
2368.48 3753.86 
2294.49 2698.62 
2632.28 3579.18 
2304.43 1999.26 
2575.22 1681.62 
805.40 2131.26 
3359.27 1919.35 
2729.86 2991.28 
3686.59 1978.78 
1925.60 3439.31 
2109.08 3543.40 
2517.31 1597.42 
1617.06 3515.26 
1367.71 1503.00 
2427.06 837.14 
594.98 989.57 
2028.18 1398.17 
2609.28 2654.00 
1531.25 1822.27 
2771.71 3433.02 
2539.17 952.90 
2453.67 2509.27 
1417.55 2695.06 
1276.45 3788.06 
1385.12 3063.60 
1631.67 2641.98 
2170.81 939.19 
2284.98 3000.27 
1592.42 3191.16 
839.99 2832.03 
1344.34 2802.35 
1693.50 1551.54 
1780.17 3146.58 
2920.11 3474.63 
2508.94 1567.43 
1235.98 1199.56 
1844.34 885.02 
740.49 2019.58 
1991.02 3397.41 
1812.19 2580.16 
1753.87 2626.97 
2632.61 2359.07 
1318.19 3198.60 
1571.51 2688.58 
2812.86 2102.57 
1438.00 3248.81 
950.28 3366.00 
1555.98 1903.83 
2590.02 1728.92 
2261.24 3493.61 
1078.09 1777.72 
810.39 1435.57 
2052.01 1505.55 
1788.63 2574.11 
3271.98 3201.09 
1733.96 2920.35 
1326.27 1198.70 
2092.19 1186.31 
1453.79 2685.76 
1796.45 3114.66 
2814.05 2977.07 
1096.24 3339.04 
3170.84 2598.97 
3661.87 2456.35 
1624.97 1917.72 
1487.23 1015.28 
1141.35 1558.38 
2104.23 3732.84 
1185.35 1407.10 
2563.90 3383.30 
1695.01 1048.83 
602.49 2117.25 
2918.60 1224.03 
2023.08 2952.06 
2730.90 1153.97 
599.82 2106.40 
1705.45 1518.74 
1882.73 3327.48 
1520.25 2492.80 
2600.62 1664.52 
1698.63 3024.46 
1083.56 1243.49 
2315.65 1607.94 
2599.24 1851.68 
2764.08 2240.54 
3196.51 2832.67 
825.73 1446.37 
1093.53 1312.40 
2122.36 3428.03 
2393.73 2779.79 
1144.92 1522.21 
754.27 1896.42 
3287.89 1189.84 
568.57 2862.60 
2460.03 856.55 
2726.90 1574.88 
2539.25 3368.72 
2209.92 1365.88 
3198.13 2059.64 
1097.99 1890.13 
2883.19 2383.84 
1112.81 1858.19 
2287.64 934.03 
1518.95 2978.91 
1708.96 569.49 
3221.48 1575.82 
1586.49 2658.51 
2274.11 908.32 
2018.28 3593.17 
3322.87 1209.60 
1773.03 3477.33 
2538.97 2386.88 
1682.28 1900.62 
1369.56 2560.58 
1419.89 1886.61 
1210.74 2973.10 
1935.15 3202.54 
1830.08 1393.55 
1117.93 2699.96 
2261.98 3718.45 
3234.06 2504.90 
2616.21 2272.10 
2059.30 1506.52 
1758.75 1820.77 
2241.10 3218.66 
1452.95 3250.85 
823.13 3182.32 
2957.33 3006.22 
1409.72 2598.73 
1791.58 806.26 
2503.51 1439.20 
2827.88 2944.46 
2483.13 1503.31 
2836.54 1478.52 
3043.84 1601.00 
593.28 2535.02 
795.18 2586.04 
2401.07 3347.09 
598.02 2341.74 
860.38 3258.00 
2969.75 2324.04 
1072.41 1021.96 
2218.83 3870.40 
2438.08 1954.63 
1914.84 3639.17 
3330.93 1928.57 
2204.59 2539.52 
2572.54 1556.83 
1661.78 2655.48 
1320.77 3418.28 
2214.28 3035.41 
392.08 1530.01 
2285.53 2953.04 
1317.88 1394.78 
2861.84 2706.73 
2426.55 1356.57 
1154.69 2295.65 
2929.59 2887.55 
2732.17 2216.40 
2518.39 862.64 
1548.71 4022.85 
907.46 3123.92 
1706.54 2638.75 
3207.84 2222.30 
1998.95 1779.86 
1833.57 3417.86 
1929.33 2873.62 
1832.51 3484.05 
3276.42 2939.99 
2723.62 1765.10 
2125.88 975.02 
2049.28 1994.44 
2356.59 913.22 
916.08 1767.22 
3017.95 3050.48 
2534.93 3751.48 
349.05 2562.66 
3010.28 2617.51 
925.77 3372.91 
2552.15 1589.56 
2441.23 2991.66 
1874.67 2659.00 
2643.64 1806.56 
2272.28 2984.56 
1575.16 899.37 
773.07 1420.02 
2888.34 1550.47 
2476.69 2071.30 
2933.31 2142.36 
1356.75 3258.90 
2431.77 1784.35 
3089.53 3242.85 
2773.07 2895.71 
769.73 2809.33 
1291.01 3641.16 
2190.23 1336.42 
3012.53 3317.74 
2468.07 1888.95 
1930.54 3320.76 
1191.14 1598.87 
2354.77 2882.21 
1623.44 1168.70 
2947.62 3404.70 
3091.42 1402.80 
2296.26 1517.41 
2612.44 1702.11 
2096.89 1199.08 
2903.95 2361.59 
2352.08 3352.98 
1294.98 1270.56 
1639.49 3388.74 
2149.23 3672.64 
1495.74 3230.23 
2898.52 1593.86 
2299.61 3469.06 
3130.57 2229.65 
2403.10 1833.13 
1477.41 2306.34 
1269.47 3410.62 
1808.44 3720.69 
2602.97 2434.18 
1169.12 1235.29 
2610.95 3345.73 
1588.13 1229.75 
2555.16 2978.22 
2327.18 2934.42 
2506.80 2273.87 
1454.52 805.43 
2302.88 3212.07 
1268.76 2271.57 
2633.25 2255.70 
2002.13 1466.31 
188.14 1749.01 
955.12 1711.86 
1475.71 2858.64 
1465.13 2653.40 
3013.47 3349.58 
2841.94 3566.26 
2937.65 2826.22 
732.66 2930.26 
1402.19 1009.13 
2659.74 3507.86 
1819.58 3020.98 
1200.22 2959.73 
1113.76 3394.44 
1177.85 3208.54 
2430.85 2708.56 
1082.79 2689.24 
2441.93 2434.71 
421.81 3594.79 
2358.72 1549.11 
817.56 3480.93 
1907.53 2954.00 
2770.95 1548.72 
1769.97 2939.30 
1448.58 3563.39 
2161.17 1726.48 
1185.30 1146.73 
773.53 2538.55 
1941.05 3934.37 
3015.41 1498.86 
2660.25 1477.43 
1297.40 2241.43 
2018.82 2952.14 
2856.64 1991.74 
2647.32 1986.50 
990.59 2887.60 
2514.71 2358.87 
1935.77 3601.23 
2503.86 1706.91 
2091.05 3206.65 
1247.57 1358.39 
2254.04 3641.32 
2505.62 2687.41 
2280.67 2449.21 
2171.67 2977.04 
1236.50 2262.32 
2583.42 3154.73 
2930.51 1276.86 
2754.29 2325.15 
837.21 2678.17 
1454.29 2798.44 
2234.57 705.10 
2297.10 894.98 
1330.95 1361.46 
1345.98 3209.01 
2454.72 632.61 
1784.72 1599.54 
2923.11 1566.98 
2582.76 3413.74 
2554.41 2143.62 
2632.03 637.27 
1391.93 2343.87 
2721.33 1908.81 
1144.75 2657.26 
3293.42 3102.58 
2909.53 3203.19 
3442.40 972.87 
500.26 1876.54 
1839.13 732.41 
1314.16 2252.31 
1393.25 3466.94 
1227.49 995.99 
626.55 2245.44 
1609.68 2051.36 
1456.68 2365.75 
2652.63 1409.25 
2261.26 1463.08 
1758.54 3663.65 
805.37 1666.74 
2306.25 1528.08 
2481.96 1941.12 
2269.87 1285.25 
1811.86 2699.15 
2335.51 2113.52 
2385.20 989.87 
2868.65 3023.31 
927.05 3173.10 
3276.89 1291.93 
2773.12 3985.23 
1631.32 1450.36 
1604.99 2558.86 
1172.34 1247.99 
1881.89 3611.44 
2747.16 3647.61 
1328.75 962.95 
2271.82 1986.37 
2646.61 3013.38 
1790.45 978.09 
2719.37 1903.02 
1271.00 2374.85 
1346.54 1974.73 
1221.06 2317.08 
2246.67 1413.29 
1174.72 2765.21 
1558.59 1513.90 
1576.44 3557.76 
1229.82 2261.68 
3211.90 2302.97 
2785.68 2221.01 
634.77 1602.65 
1597.80 3191.05 
1249.55 1989.35 
1611.06 3501.56 
1534.54 3206.08 
821.32 2022.58 
2324.93 2041.59 
2723.33 2253.40 
2685.73 3593.78 
1923.28 871.00 
2558.88 1766.68 
2473.55 2117.96 
1962.99 2776.32 
1278.23 3414.14 
2287.71 3098.14 
1431.01 3254.26 
3705.54 2128.21 
1626.36 886.72 
2121.53 3506.28 
2168.89 1746.33 
1062.49 2423.57 
595.54 2975.78 
1645.02 2540.47 
2412.27 1953.61 
1162.40 2786.20 
1518.57 2877.97 
1090.82 3584.21 
2673.25 2303.32 
1835.21 1945.55 
2654.96 2670.65 
3080.22 1995.39 
2573.87 845.10 
2667.77 1703.71 
1001.69 1323.64 
928.88 3177.19 
1256.57 1673.06 
3191.50 1460.00 
3054.16 1732.46 
1147.10 2665.38 
2857.70 3563.97 
1555.02 2551.58 
3297.76 2686.05 
3022.12 2584.93 
2517.82 3149.70 
2603.73 3032.73 
2342.12 1581.04 
3152.36 3122.91 
1156.57 1568.74 
3081.55 2485.33 
1937.47 1310.38 
2389.76 2823.42 
3239.92 2542.44 
2135.09 2617.11 
3288.99 1345.35 
769.14 1951.62 
2003.92 3361.94 
1195.32 2043.40 
1441.84 3590.25 
1275.20 2776.96 
2323.23 3542.50 
388.54 2779.13 
1281.88 2343.14 
1723.78 3104.01 
1569.79 1216.97 
1735.46 761.30 
1187.52 2309.16 
1159.32 2297.10 
2356.88 2972.43 
641.66 3186.44 
1826.34 3200.16 
2593.21 3137.20 
1307.87 3480.37 
2099.42 1241.41 
1785.15 3506.34 
2285.81 3197.81 
2636.87 2411.57 
2551.06 2219.05 
3081.10 1914.55 
1556.43 1130.61 
2863.94 2860.51 
3214.24 1161.40 
1355.69 1221.14 
1974.25 4124.15 
3365.69 1561.03 
2654.69 2624.01 
2359.95 3757.30 
1883.44 3113.96 
1074.17 2390.53 
1411.94 2980.20 
932.87 4104.22 
978.07 1033.25 
2531.77 1537.68 
1881.89 770.42 
1466.91 2687.94 
1425.38 1963.44 
1888.52 1547.82 
1877.51 2797.18 
1440.83 1226.73 
1532.02 972.48 
1768.25 657.26 
695.57 3553.50 
2987.49 2588.13 
999.24 3487.78 
2359.81 2800.00 
1165.80 2279.42 
2254.85 915.37 
2758.10 2927.48 
2827.30 2304.18 
2256.41 1133.44 
1995.93 1983.41 
2416.65 1911.40 
1994.40 1465.60 
1014.39 1524.40 
2107.55 1209.19 
3265.35 2111.77 
1203.54 3013.74 
496.37 2897.75 
2041.71 1363.62 
1389.19 3614.57 
1275.51 3410.31 
1411.03 3515.19 
1721.36 1010.06 
2818.56 3324.70 
770.29 2599.77 
1912.26 3407.56 
780.22 1781.15 
2666.73 1459.22 
3017.72 1501.94 
1231.08 2017.99 
1859.91 846.19 
2477.85 3247.02 
1146.88 1304.10 
2669.10 2054.11 
2024.46 1232.92 
2834.43 1917.38 
2237.87 2971.48 
2228.27 3003.80 
3054.34 1520.94 
2445.63 3529.66 
1748.36 3072.74 
2090.58 814.45 
544.65 1801.83 
1583.97 3410.41 
1767.32 3256.83 
2697.44 3563.86 
1478.58 1511.54 
1915.58 2527.05 
2158.21 1965.60 
3050.05 2642.12 
1501.35 3611.99 
1207.30 1252.39 
1530.92 3446.21 
2822.69 3610.33 
1225.01 2529.17 
2619.83 1816.86 
3184.62 1131.43 
2976.16 3152.43 
1670.72 2708.85 
2479.56 3673.28 
701.41 1469.85 
1078.63 2111.22 
2848.35 3343.68 
1614.72 2818.27 
2610.61 2829.67 
967.27 3414.44 
1679.21 3971.54 
3513.30 2641.14 
505.79 2673.39 
1230.13 2626.50 
1762.69 2708.27 
1581.97 2969.84 
1945.21 3420.15 
2786.29 2495.77 
3340.00 2638.24 
3515.40 2366.42 
1449.64 4173.15 
1414.74 1847.23 
1359.63 2683.04 
3191.50 1688.33 
3014.33 3056.23 
1677.02 3758.79 
445.62 1901.77 
1677.98 2630.98 
3198.38 2655.02 
1708.09 3527.03 
1782.33 1518.25 
2465.91 2780.62 
1087.22 2302.52 
1524.83 3215.70 
1807.02 3118.45 
1380.32 3012.40 
2021.77 2586.91 
1208.01 2779.12 
3625.44 2415.90 
2151.78 3707.90 
1363.33 1599.91 
1788.92 2683.61 
1373.29 1895.15 
2584.71 1842.94 
2154.00 1189.32 
1297.30 1472.58 
1626.34 3464.61 
363.74 1737.74 
2540.44 713.32 
1789.24 1835.68 
953.69 985.35 
1249.71 1489.98 
979.13 1594.58 
1546.86 1895.84 
465.99 2239.10 
3643.98 2588.04 
1591.31 2382.60 
2560.18 1350.22 
2384.61 2872.49 
716.31 1436.19 
2151.32 3719.12 
1705.85 1954.57 
2418.51 1474.77 
508.60 1959.87 
1985.01 1815.43 
2393.62 2839.51 
2294.12 4087.26 
1384.85 3518.01 
1195.22 3254.49 
1102.40 2235.49 
1824.33 3078.36 
2348.81 4082.34 
1830.25 3079.96 
2427.78 3107.88 
3245.62 2919.80 
2895.97 3236.72 
1963.23 3617.09 
1314.73 3609.86 
1668.75 3150.65 
585.76 1703.97 
1622.21 1246.28 
2389.46 3177.35 
1382.59 1793.41 
2457.29 968.96 
1061.77 1385.74 
2538.91 2133.29 
2445.60 3235.40 
2752.29 595.28 
3061.43 872.46 
1013.68 3741.37 
2256.14 3016.38 
2495.69 2515.81 
2825.57 2054.29 
1350.79 3031.44 
3385.89 1580.69 
1293.19 1251.61 
1619.08 488.95 
754.95 1566.16 
1729.86 3575.20 
1184.24 2992.97 
522.57 1849.08 
2693.67 1572.20 
1881.56 1312.59 
1409.88 2708.25 
2543.63 824.20 
1225.48 2267.57 
2341.83 1117.33 
1640.58 1908.50 
1530.26 3635.97 
1914.87 2944.23 
3355.23 2061.32 
2565.32 2395.80 
2827.28 1431.41 
2917.69 1598.64 
1190.74 2493.97 
1474.59 1301.34 
1668.69 1227.30 
896.66 3334.58 
1060.62 3034.38 
582.07 2960.57 
2266.53 1547.46 
1850.55 1787.32 
2156.22 1526.93 
652.60 1261.88 
1377.53 2611.86 
1147.91 3214.07 
1142.97 2095.48 
1759.25 2900.82 
2890.58 2274.03 
1730.43 1565.13 
3206.97 3540.53 
2991.44 1399.30 
1838.18 1392.77 
631.60 2323.70 
2298.84 2921.64 
2314.10 4051.78 
2412.24 2773.59 
3008.19 1880.79 
2037.94 1479.13 
2221.37 1352.68 
2547.10 3157.92 
1736.27 3130.43 
1188.07 2045.24 
2314.24 3377.39 
2832.63 2082.59 
2901.58 3756.47 
1343.70 932.90 
2288.14 2435.04 
2356.81 2156.36 
2207.12 2817.02 
1352.27 3051.83 
3461.29 1345.69 
2706.53 2387.01 
2123.86 835.11 
2784.56 2485.64 
2241.72 2689.77 
2377.48 1548.97 
2167.45 3134.05 
2474.50 2011.60 
1166.68 1920.31 
2658.49 3326.20 
3012.14 3569.15 
1660.58 1931.75 
1608.86 3571.43 
1698.32 1683.00 
1657.12 3254.58 
2685.04 2347.06 
2119.97 953.50 
2616.05 2142.97 
2889.84 3236.72 
2122.60 3319.82 
2338.50 3040.10 
2639.74 1008.21 
3169.86 3390.00 
1532.20 2692.44 
1292.92 2312.42 
2453.88 1842.31 
2261.40 3638.69 
2512.22 2461.00 
1346.06 667.41 
2351.96 1184.74 
2740.53 2335.02 
1970.81 3615.03 
2713.65 3680.57 
1810.59 864.33 
487.05 3438.69 
1280.34 984.26 
1261.95 1324.00 
2814.19 2676.32 
1542.13 2430.80 
1240.11 1584.04 
1757.94 1540.85 
2477.13 2222.75 
2173.61 2917.18 
1695.63 2675.33 
2682.27 2608.36 
1974.95 1363.18 
2276.92 3335.56 
943.47 1744.56 
1721.57 3337.31 
2906.66 1170.42 
817.02 2923.68 
3659.13 2549.72 
2138.24 3194.15 
3347.16 2461.77 
2055.03 1817.30 
2305.57 3415.72 
193.43 2364.48 
538.39 3112.02 
783.25 1918.36 
1930.67 3055.35 
1702.86 3232.97 
2474.18 1683.75 
1765.66 1325.84 
1247.91 2661.72 
2321.77 3330.19 
729.33 3064.94 
1573.53 1884.65 
919.64 2626.71 
2139.59 1225.43 
1166.93 3491.22 
1775.93 1751.85 
2721.31 3676.65 
3354.07 2066.00 
2895.84 2362.94 
2561.20 672.80 
1826.73 2668.64 
1164.99 3207.26 
3197.90 2571.63 
2769.34 2512.72 
1088.00 2358.80 
1210.59 2643.49 
3263.42 3171.40 
2524.27 2028.79 
2653.86 834.07 
2402.19 1690.59 
2394.18 2984.93 
916.54 2624.49 
2630.12 827.08 
1274.15 1538.01 
3058.46 2215.96 
2601.31 2853.85 
2430.83 2690.36 
2625.97 3598.77 
1462.84 2881.14 
2796.16 1975.76 
1995.84 1180.62 
2133.99 361.74 
1206.78 1893.84 
1234.20 3599.05 
2252.46 478.92 
1340.09 1881.62 
2236.35 2096.58 
2347.68 3511.87 
2503.89 3471.22 
1377.31 2812.09 
2751.26 3315.09 
1263.94 4007.01 
825.31 1817.14 
3087.24 1350.94 
2616.11 2397.66 
1396.19 2361.34 
1544.85 3254.37 
1849.23 1709.99 
3353.86 2514.00 
1347.33 2595.68 
907.13 2574.50 
3423.61 2826.90 
1812.42 3234.22 
3664.93 2463.86 
1888.94 1434.72 
1383.84 1913.16 
1772.00 3868.35 
1822.73 1027.30 
2589.44 3411.58 
1879.25 3395.70 
1631.25 3082.30 
2745.38 2789.00 
997.25 1434.81 
2632.89 1958.80 
2107.99 774.80 
1441.40 2344.21 
2573.61 3377.84 
2967.07 3082.62 
707.48 1550.94 
2204.72 1761.61 
1829.44 1807.83 
1703.46 3586.10 
1564.52 3467.88 
906.64 1432.15 
1456.88 1978.12 
1716.74 3137.16 
1629.38 1963.16 
959.63 2705.76 
2417.63 2783.72 
3357.08 1474.67 
2482.02 2666.97 
1405.18 1879.05 
3420.44 3142.25 
2379.70 875.83 
1476.14 2512.79 
2471.39 3677.28 
767.24 3078.82 
2357.89 1326.56 
2490.75 2265.76 
2954.55 3573.07 
2205.20 3639.59 
1129.44 1591.52 
2118.55 3005.47 
1217.58 3022.16 
1072.10 1039.95 
3358.96 1228.83 
2049.97 871.79 
215.95 2615.82 
1752.41 1382.16 
1937.88 3452.68 
3677.41 1607.44 
2632.91 1948.34 
3238.76 2939.48 
1136.28 3778.58 
2801.93 2661.75 
2190.81 3100.94 
2425.29 1916.79 
3036.82 2660.88 
1559.19 1899.51 
657.37 2876.07 
2269.22 3167.06 
2253.68 2077.13 
964.03 3143.91 
2915.76 3104.98 
2583.72 2827.91 
3014.92 2525.15 
1769.43 1048.70 
3277.30 2437.26 
1265.75 2700.19 
1077.34 3448.45 
1951.20 2934.06 
1932.00 1353.25 
591.47 2969.04 
2974.13 3544.20 
2502.75 1984.17 
1642.69 2955.68 
1879.09 1725.19 
1088.74 3194.14 
1787.96 3010.99 
1632.82 3388.93 
2517.03 2434.34 
1072.40 3173.65 
2841.19 3580.48 
2183.02 2884.46 
744.59 3324.06 
628.86 3091.22 
2011.72 3226.04 
3234.16 3468.69 
2184.98 3102.58 
2003.18 808.88 
2288.11 1371.40 
1826.64 3530.87 
1325.58 2765.20 
3271.45 2585.82 
2593.71 2411.49 
916.36 1771.43 
1409.57 1877.00 
3214.43 2618.34 
1972.03 3394.65 
3243.43 1760.93 
1895.47 1375.24 
2436.58 2470.78 
717.63 2937.03 
1504.99 2038.31 
2362.82 3359.16 
1001.26 3149.95 
2608.07 754.22 
1734.13 1457.80 
2026.14 947.40 
853.05 3347.73 
1661.86 2766.74 
1814.84 1256.64 
3616.37 1380.50 
1076.91 1350.92 
2679.18 2067.28 
1972.06 3417.31 
513.15 1964.80 
752.76 2764.94 
1989.85 2934.14 
2805.42 1959.10 
3712.90 1527.09 
1113.26 3460.10 
2875.78 2040.11 
1879.84 3880.46 
1867.24 1322.62 
1259.32 1906.23 
1551.23 965.07 
1756.60 3445.44 
3536.83 1802.95 
2006.36 2819.81 
2259.69 2155.51 
2226.67 2050.73 
1790.68 1832.51 
1549.38 1441.88 
2382.68 1711.47 
2097.06 1504.09 
2363.61 3706.40 
1566.44 1139.27 
2575.91 1399.44 
2256.27 2657.06 
3227.35 1708.86 
3185.43 2689.66 
2655.50 1844.31 
1984.44 3431.82 
2501.56 1856.93 
3248.99 2913.77 
1189.24 1836.97 
2237.70 3088.75 
456.40 3020.34 
2453.81 3101.98 
2439.71 1795.95 
1354.83 1898.71 
2483.01 1934.76 
2437.28 3759.95 
683.86 1142.66 
2449.87 2356.43 
1388.98 2665.60 
1333.13 2256.98 
1831.88 1597.79 
2059.52 1818.17 
2331.76 3943.63 
1804.34 3330.84 
3160.47 872.35 
2436.87 1331.83 
723.08 3055.34 
1318.21 2365.39 
1603.80 2777.04 
1730.26 1859.35 
2295.13 3243.31 
187.77 2071.78 
1734.50 3135.40 
1272.72 1218.76 
1923.27 503.91 
1526.27 803.19 
2576.21 2605.18 
3737.14 2823.19 
2416.04 1957.26 
881.86 3565.40 
729.63 2139.03 
2972.06 2620.88 
1685.40 3091.18 
2035.58 3235.61 
3193.81 2977.53 
1647.39 1702.51 
2958.78 1051.17 
1909.63 2601.91 
1022.44 3403.53 
2186.97 1357.83 
1545.72 2279.21 
1592.01 1436.89 
1550.57 1894.25 
2137.82 3114.59 
3425.21 3399.69 
1200.20 3585.72 
1019.69 2918.82 
1239.54 1044.19 
2620.83 3355.88 
681.90 1550.07 
1115.21 2347.47 
3652.94 2242.06 
2804.52 2766.46 
828.85 1551.35 
2811.08 3544.48 
1714.60 1836.46 
1947.20 1431.54 
1525.73 2705.13 
289.09 1425.90 
1292.66 2498.42 
365.20 3164.87 
1635.29 2679.42 
674.42 2419.57 
1568.89 3008.00 
2264.16 876.21 
2686.92 3479.18 
1460.16 1467.84 
925.27 1288.03 
2117.05 3693.91 
1719.88 3370.68 
2963.38 3144.79 
2608.85 2768.65 
459.75 3678.72 
3541.57 1760.27 
498.22 3101.73 
2608.94 2543.44 
1341.39 2262.78 
1726.42 2765.68 
817.97 2927.71 
3219.22 1792.48 
2556.35 2350.83 
568.71 1737.94 
2860.94 1746.20 
1789.54 1302.39 
856.52 3150.98 
77.02 1743.86 
2957.95 3078.36 
2691.16 1043.28 
1166.74 3436.38 
1537.34 2452.00 
1308.88 787.48 
2833.24 2643.90 
2385.58 1725.61 
2526.23 1335.82 
3151.86 2664.21 
1659.36 3175.88 
2909.01 1726.37 
2664.56 3322.50 
2616.52 3575.15 
1149.78 2272.94 
2589.65 1884.72 
2996.95 3104.25 
2445.92 2647.75 
1285.55 3585.37 
2006.33 3156.18 
2545.60 3576.90 
997.06 2990.89 
1797.44 3370.68 
557.08 1776.92 
3288.76 2048.56 
1412.82 1363.82 
1245.04 3602.33 
1657.58 3876.69 
1383.05 979.00 
1118.66 3393.34 
1007.65 2854.58 
2370.90 2920.97 
2343.64 2983.69 
996.19 2987.08 
1559.94 3170.42 
1997.01 1940.22 
1576.49 1806.59 
2128.25 1216.19 
3631.66 1479.99 
1777.15 1509.59 
3503.78 1510.87 
1523.94 2846.14 
2986.47 1756.74 
2387.73 3122.25 
1529.83 3077.28 
2024.13 1126.31 
2624.09 2313.18 
1581.91 3185.26 
2854.94 3530.52 
1582.90 2976.04 
1288.25 1568.63 
1341.18 1233.82 
2235.24 1532.56 
1528.71 3514.12 
2437.06 1924.70 
1820.84 1732.69 
3523.15 1704.37 
1197.38 2612.62 
1299.42 2826.24 
677.47 1587.23 
2491.89 2118.98 
1856.73 1017.05 
2448.30 3105.95 
2740.75 1537.01 
668.43 2627.61 
1217.65 3030.15 
2463.28 2327.94 
1688.77 2937.85 
1255.19 3253.99 
1625.37 1450.98 
2233.44 1116.52 
2201.49 3496.64 
3138.01 3156.72 
1777.23 2051.74 
1506.11 1449.85 
3089.28 3171.47 
2969.74 2003.78 
2261.21 1942.04 
1279.18 2992.46 
2314.24 2071.02 
726.11 3059.53 
2813.96 1381.29 
2500.95 2388.81 
3202.57 2140.76 
988.33 2811.06 
2211.31 3645.27 
2319.76 3711.83 
1855.49 1330.46 
2343.15 669.86 
1166.33 2558.85 
2464.09 3194.74 
1821.53 2848.16 
2897.35 3576.31 
1137.88 1983.21 
1483.83 3946.02 
2914.50 2919.78 
1524.27 1923.87 
3286.07 3707.56 
881.72 3529.66 
2143.10 3721.93 
1727.81 857.72 
3213.75 2988.05 
2559.43 3548.99 
3069.37 1783.50 
3278.28 2850.94 
1622.78 2608.20 
3587.07 1405.95 
1304.29 999.42 
621.89 3392.69 
2298.72 3159.35 
3260.13 3236.43 
2777.06 706.89 
2029.22 3553.66 
2393.62 817.92 
2237.62 3012.61 
1493.49 1808.41 
1370.68 1189.54 
2612.12 2614.04 
848.06 2878.79 
2482.06 2010.32 
1767.96 1551.02 
1481.81 572.21 
2689.31 1133.22 
892.17 2342.67 
2259.17 3438.57 
1534.52 1467.99 
1949.37 2809.61 
2185.15 3546.89 
2665.21 3552.52 
1396.67 3891.07 
1985.83 1577.83 
635.58 1296.16 
2584.47 1606.45 
1138.45 1885.36 
1600.42 1581.12 
551.66 1780.32 
2309.02 2149.66 
3050.31 2625.07 
2372.20 3501.27 
2679.51 2089.56 
1307.38 2466.22 
2625.47 1139.07 
1188.48 2602.64 
2752.53 2618.13 
1972.02 2963.83 
2513.10 3551.13 
1846.96 3514.07 
1624.44 3707.39 
1331.30 1579.19 
875.13 2693.98 
162.55 2213.61 
1820.08 3532.70 
2006.73 3227.37 
3152.52 2933.76 
1418.49 3787.33 
2097.88 3586.77 
1172.30 1538.38 
498.79 1794.47 
2023.26 1485.68 
1662.64 652.31 
1988.42 3501.96 
815.65 3335.25 
2428.49 3023.90 
1496.19 3777.02 
2414.75 2254.21 
3268.39 2397.07 
1096.65 2923.79 
1820.14 4015.66 
2009.17 3604.54 
2091.26 3589.04 
1392.16 3001.14 
2755.00 1260.80 
2736.75 2641.39 
1681.65 3116.74 
552.71 1521.70 
2058.33 3597.14 
2196.46 2992.12 
2668.41 454.63 
2989.87 1987.32 
1365.40 3449.82 
1322.86 1585.83 
1508.49 1146.90 
2397.71 1254.27 
2060.30 2922.12 
1468.48 3788.93 
2474.41 1022.30 
2293.23 3636.21 
1808.77 1371.44 
3371.61 2562.53 
2788.98 2852.51 
3618.29 2372.42 
3085.15 1743.80 
2633.05 1309.49 
1184.72 3018.53 
1547.56 1854.36 
2225.08 1809.68 
2697.98 1261.34 
2822.89 3441.83 
1344.39 3638.22 
864.04 1532.97 
1513.21 2594.28 
866.01 3092.79 
423.21 3652.22 
2456.32 2087.92 
3218.13 2574.48 
2478.23 3160.45 
2247.12 2689.46 
1451.36 3592.49 
684.45 848.19 
2450.58 3342.29 
1862.56 3484.51 
2015.03 1462.98 
1697.52 1477.71 
1327.01 704.65 
2443.20 2675.42 
2385.82 1459.69 
1854.23 1543.22 
2668.80 2130.21 
2306.12 3793.31 
2547.00 1222.11 
2739.98 3177.62 
1814.88 2921.34 
2286.93 502.13 
1089.82 2269.64 
923.73 3368.79 
2701.21 2322.07 
787.21 1386.35 
2410.02 896.52 
2910.75 3107.36 
1139.47 3220.60 
1311.38 2677.74 
1923.34 2781.08 
3074.62 1703.01 
1720.53 1340.35 
3343.49 1421.09 
896.34 2897.58 
1127.50 2776.41 
1108.23 1287.66 
928.92 2501.59 
902.34 1412.63 
2894.11 2479.02 
2157.10 855.49 
1859.69 693.16 
2807.30 1741.48 
843.70 2839.09 
915.36 3365.27 
1645.77 2646.91 
1753.71 4333.31 
1461.90 1922.82 
1063.41 1685.33 
1255.82 1234.90 
1904.12 3050.54 
2590.33 3064.99 
3095.06 2372.79 
4115.27 1760.57 
2303.37 3145.92 
1435.91 3203.28 
1724.90 3650.54 
954.97 1341.80 
3468.29 3155.88 
2774.15 2420.15 
1302.19 3423.54 
1244.39 2656.89 
1645.18 849.77 
2212.53 3115.22 
1963.23 1481.23 
2712.87 1525.81 
2226.26 3083.30 
1065.33 3012.97 
1685.11 840.33 
1655.03 1245.27 
2447.78 3126.57 
470.98 1978.02 
1397.69 2589.94 
2252.96 2550.45 
1449.51 3589.62 
2813.13 2873.10 
2761.64 3155.09 
3283.55 2320.46 
1611.74 3156.64 
1390.39 1123.52 
2222.72 3328.32 
1603.48 1113.95 
2492.08 3389.72 
964.66 3137.91 
997.84 2371.86 
3172.62 3005.82 
1752.60 1956.05 
2985.99 2940.62 
2770.74 2883.51 
2734.27 2990.41 
189.97 2906.45 
2097.38 3531.74 
1261.31 3560.44 
3078.93 2076.14 
2741.91 3412.67 
2206.30 1301.79 
3559.21 1816.21 
677.79 2922.63 
2586.45 4132.19 
889.53 2995.63 
2037.50 3219.66 
493.26 2373.83 
2663.42 2082.63 
879.13 1427.89 
2937.98 1290.35 
2752.67 2614.03 
1087.11 3190.93 
879.08 3561.08 
797.51 3083.08 
1139.29 1986.68 
2550.65 2997.17 
1866.29 3430.30 
1145.61 1033.27 
799.48 2254.26 
1869.33 1676.60 
1204.22 3800.53 
2049.13 3339.88 
3157.79 1441.00 
234.11 3588.14 
1470.16 1898.02 
2581.43 2215.24 
2862.30 3526.07 
2588.31 3747.45 
1742.57 1695.07 
1762.84 3870.04 
2498.83 1928.79 
2722.65 3453.17 
1822.74 1181.87 
3330.31 1367.18 
2883.08 2832.77 
3395.27 1248.73 
2325.18 1257.61 
2499.52 1852.68 
947.43 3635.13 
1809.90 444.40 
2688.86 1542.74 
1662.95 3147.88 
1158.18 836.63 
2849.42 3563.20 
3207.28 1741.01 
1175.64 1809.98 
2009.44 1909.79 
1769.55 1575.13 
2672.50 3373.54 
2108.68 3976.56 
1500.28 2147.91 
3632.96 2952.03 
1619.99 876.09 
2321.54 895.03 
1477.84 3399.10 
1298.18 1871.29 
3315.55 1452.59 
1851.79 2012.54 
1611.87 2943.14 
1150.14 4094.04 
2982.88 1964.41 
900.54 4076.53 
2693.65 2150.38 
2039.56 1562.76 
2021.62 3803.53 
3661.14 1550.02 
2857.37 2258.21 
3519.78 2537.06 
3031.61 3015.70 
1671.95 1525.31 
2646.88 2629.42 
1953.56 3542.96 
1242.62 962.70 
2708.36 2086.13 
1533.93 1539.26 
1676.86 872.87 
1125.55 3230.69 
502.42 1760.59 
361.05 2622.88 
2297.23 870.30 
628.17 1520.84 
2346.55 737.54 
1810.20 4019.01 
1773.50 1709.79 
1804.85 927.70 
1341.68 2058.30 
2222.15 2854.49 
617.73 1951.70 
2351.95 3394.23 
1493.95 3944.53 
1615.79 1548.56 
1341.08 3760.39 
3453.40 3402.38 
722.56 1159.61 
1822.29 1363.34 
1978.14 3433.34 
579.73 1711.56 
1341.33 3899.40 
2006.66 1379.44 
960.47 3098.70 
1295.21 2504.18 
1800.06 3722.46 
3014.44 2874.80 
1674.67 3376.29 
2122.94 1684.84 
2479.30 2303.89 
2320.02 1168.15 
2845.73 2102.67 
2157.52 2979.59 
310.51 3762.93 
2632.02 3320.97 
502.44 2631.56 
1157.95 1270.17 
1516.00 1840.60 
3422.42 2822.09 
1755.88 1310.16 
2727.55 1588.33 
967.43 1679.26 
2091.77 958.91 
1135.50 1534.10 
2089.70 1574.90 
3329.92 1505.05 
1551.10 3237.80 
1123.67 3772.47 
2405.39 878.14 
1201.52 3513.35 
1443.72 1951.63 
2588.14 1847.20 
2728.89 3449.12 
3289.09 1744.76 
2758.30 2279.68 
1011.84 2497.66 
2321.46 3948.00 
1003.37 3224.09 
1181.34 2153.67 
1979.47 3960.61 
760.93 3069.35 
2372.77 1847.15 
2138.00 3337.22 
1553.82 1213.12 
480.31 2570.49 
706.84 3246.42 
1818.76 3336.18 
2024.58 3160.73 
1976.86 1147.47 
1118.52 4067.49 
1847.78 1271.93 
2744.56 1809.45 
2714.40 2477.35 
1608.08 3376.81 
2619.23 2284.63 
3044.73 1673.71 
1711.48 3896.86 
3660.43 815.21 
2398.42 3142.62 
2021.65 1751.36 
1154.51 2514.02 
2003.14 1146.07 
2297.76 1151.65 
600.70 1989.05 
1115.10 2969.69 
460.20 1992.30 
455.54 3935.90 
2806.17 3387.47 
1566.04 3218.65 
761.01 2550.31 
2225.09 3012.42 
2195.53 962.75 
768.09 1417.47 
1080.39 2912.46 
3210.73 2613.95 
2670.95 1287.47 
1825.08 4045.47 
1480.81 4201.48 
2648.45 2219.23 
1538.98 2866.90 
2534.13 3369.28 
2146.42 570.09 
2970.31 1785.06 
3345.03 2855.27 
2541.67 1770.47 
1953.61 1370.62 
3020.11 1314.31 
2802.42 968.17 
3288.63 1469.41 
504.45 3153.42 
1067.13 1851.60 
2174.59 3639.82 
2187.40 3474.92 
2939.05 1828.62 
2260.61 4057.80 
2478.00 3941.02 
1366.34 3864.83 
3070.97 3565.48 
2815.40 638.92 
2580.34 2868.32 
3014.19 3337.05 
1356.23 2769.53 
2329.20 3542.00 
1902.60 1199.17 
1962.00 1703.63 
1109.69 3876.08 
1931.23 1380.95 
1815.89 1745.64 
2836.26 2102.44 
2645.77 2769.25 
3425.15 2123.63 
647.35 3096.95 
927.07 2497.77 
2466.84 3520.57 
2155.64 3519.96 
639.38 2640.83 
1256.70 1676.33 
1295.46 2962.29 
1595.90 3370.10 
2360.69 2842.65 
2730.06 432.67 
1189.16 1948.11 
2336.00 1398.15 
350.24 2566.90 
2459.84 3523.29 
3061.13 2949.30 
488.75 1995.62 
727.66 1163.19 
2056.34 1143.19 
1051.04 2468.18 
3514.86 3363.59 
1453.16 1869.81 
3094.87 1667.82 
1597.60 702.74 
714.89 3253.80 
936.08 1739.67 
911.84 1321.99 
1550.07 2833.52 
1008.48 876.69 
1866.60 3646.78 
3872.07 2516.63 
1490.59 2854.80 
1248.74 3048.35 
1242.74 3598.88 
2220.49 1732.04 
1521.86 1229.60 
1954.26 3066.58 
2506.58 3694.36 
2649.80 1991.98 
597.54 2540.08 
3204.56 744.27 
2013.11 2938.77 
2394.49 3774.37 
897.11 1355.32 
1979.80 3933.97 
1112.21 2059.34 
766.75 2039.77 
852.95 3102.36 
2390.52 2939.23 
3276.94 1864.98 
2895.75 1116.17 
2749.51 1248.16 
747.35 1977.99 
2024.46 926.27 
1931.73 3071.46 
1232.85 2213.82 
1773.36 3238.73 
1962.66 3468.59 
484.81 3180.60 
2094.14 3621.02 
3097.41 2468.43 
910.95 3183.44 
2991.80 1338.27 
3206.36 1523.56 
1150.36 695.54 
3259.40 2071.41 
2552.86 1730.86 
3719.02 1579.40 
1527.45 2900.46 
1960.37 3751.36 
2511.86 612.74 
3141.92 1258.39 
1592.81 2810.31 
2523.95 3226.04 
971.37 949.19 
917.20 791.65 
2462.57 4034.84 
1408.91 1121.58 
2274.63 1909.91 
1150.58 2002.27 
1578.19 1460.08 
838.71 2054.42 
1523.18 3665.95 
2799.30 1919.40 
3086.16 837.04 
1060.60 2334.18 
961.92 3385.57 
568.86 1321.69 
1370.04 1571.32 
2779.49 1005.73 
876.92 3117.35 
2043.55 3611.27 
2773.18 1718.55 
2971.59 2973.20 
3194.68 1606.26 
1852.74 665.01 
2660.75 582.20 
242.03 1589.60 
1206.44 1568.17 
1946.21 1128.67 
2677.36 1775.02 
2950.81 1667.01 
3590.33 1267.09 
1600.90 4250.88 
1409.15 3787.69 
478.62 2851.75 
2868.29 2237.28 
1009.49 3358.96 
1216.21 3760.69 
2033.10 608.50 
2848.16 3915.16 
1231.65 3537.08 
1479.68 574.88 
1079.93 3188.27 
871.02 2253.11 
583.78 1940.55 
1218.35 830.35 
1087.12 3245.08 
3826.08 2433.28 
732.14 1030.96 
725.46 867.97 
946.98 1337.79 
1499.63 1040.44 
1102.33 1666.57 
2242.61 3523.15 
3274.47 2851.65 
3060.88 3239.31 
1693.49 430.50 
1309.05 3423.51 
3681.29 2442.28 
1839.21 875.87 
