888.33 1068.10 
1138.54 959.85 
1416.75 876.69 
708.65 1060.56 
894.26 888.67 
1459.06 964.94 
738.50 817.75 
975.53 891.19 
1348.88 768.89 
590.72 814.19 
1191.91 1127.64 
921.09 907.88 
1071.84 1092.07 
705.36 933.82 
1377.24 1225.46 
1572.37 965.26 
714.99 820.89 
1251.11 1127.64 
1032.03 572.86 
904.69 1175.70 
587.46 1086.84 
1412.61 1265.88 
1139.48 1447.43 
1277.58 1106.27 
1259.50 998.42 
1247.45 1105.28 
1112.33 1298.20 
806.99 735.18 
1600.27 1000.70 
1480.56 1187.41 
885.23 942.83 
615.33 811.19 
1402.07 1219.05 
1242.93 1171.49 
1011.95 1231.77 
1174.63 1020.75 
659.86 902.45 
611.60 1082.77 
1362.86 1033.97 
1257.58 657.42 
598.48 1174.10 
509.65 641.61 
1285.98 881.29 
770.40 1374.04 
958.98 578.06 
1425.98 1303.03 
635.97 1078.58 
866.09 695.00 
945.36 1079.78 
1380.73 811.29 
851.62 767.31 
777.99 562.65 
1484.25 681.21 
1171.14 681.60 
867.48 1115.63 
1447.14 1093.38 
1025.73 613.80 
545.77 887.74 
1338.61 1572.88 
1122.16 1131.63 
1250.31 775.07 
532.89 787.38 
1452.88 942.92 
956.72 696.56 
1134.47 528.18 
1653.03 897.43 
715.72 669.50 
1275.66 1242.91 
1068.98 964.08 
1042.31 1324.30 
916.56 712.04 
1429.35 983.23 
1240.50 1523.29 
831.26 1054.39 
854.56 1350.40 
1272.43 639.02 
1404.39 1442.83 
829.10 1210.66 
552.89 1146.57 
1358.27 1274.15 
1303.36 599.89 
1525.79 1270.84 
1319.10 1372.75 
620.45 1127.51 
454.68 1208.04 
812.51 1383.53 
1204.64 1267.39 
1173.30 1175.06 
1116.57 1321.48 
1532.47 1102.80 
567.59 718.98 
766.14 837.12 
543.20 1117.98 
840.25 1402.57 
1616.16 1309.86 
797.39 1436.16 
980.35 1601.21 
931.51 1477.04 
505.60 1116.23 
687.96 1108.79 
521.40 1228.96 
985.20 459.29 
1133.80 693.70 
1514.22 991.07 
1062.22 1483.89 
1311.02 1041.50 
471.99 1155.22 
466.69 831.20 
1040.89 1536.00 
789.26 1387.68 
1367.28 1452.97 
1488.44 785.64 
1085.64 1400.94 
1451.52 719.76 
1031.42 904.86 
1350.54 540.14 
703.90 1395.73 
1085.29 705.56 
496.90 1151.18 
884.09 1224.17 
1324.33 897.42 
899.34 469.13 
869.38 630.59 
824.15 596.95 
1201.88 995.23 
793.63 1145.92 
1271.00 1219.97 
1538.67 724.42 
1223.40 797.29 
1119.83 547.80 
1456.15 741.99 
666.01 1155.11 
1376.42 941.65 
854.15 649.85 
824.99 1187.50 
424.66 1168.27 
1034.43 1570.98 
681.79 1263.11 
1338.78 1323.14 
1617.82 981.19 
682.56 736.64 
852.67 433.63 
941.46 715.59 
1047.52 553.04 
1583.66 1180.00 
838.49 675.01 
866.69 413.46 
614.77 506.74 
1391.45 656.09 
883.76 701.55 
1564.69 1070.92 
766.18 1127.05 
1164.66 1365.11 
965.31 1360.40 
831.47 1354.93 
1164.42 1667.46 
280.17 1224.13 
1576.86 787.62 
638.84 807.75 
1360.63 959.25 
944.17 504.29 
982.53 1523.90 
635.32 703.64 
1146.26 559.84 
1237.40 482.94 
763.73 660.46 
1344.41 747.49 
1349.44 453.53 
1175.88 1596.52 
716.61 1561.67 
998.89 1571.53 
793.75 521.39 
1411.66 854.86 
635.55 1417.27 
692.36 508.06 
636.67 1238.62 
385.74 679.77 
1008.36 826.75 
1016.43 1405.43 
837.56 1256.91 
1637.01 1250.44 
1462.70 1078.14 
1497.23 1010.73 
540.22 1094.92 
729.79 1012.27 
970.98 750.99 
1118.93 539.83 
1051.79 809.32 
1232.65 642.81 
811.21 1103.03 
1094.31 803.15 
445.38 1309.66 
861.51 864.47 
1343.36 1538.02 
1318.76 580.77 
1062.06 533.42 
833.42 1233.76 
1387.26 633.85 
1265.48 1416.62 
1383.21 1435.21 
1579.74 1378.34 
1278.72 1473.65 
1491.84 1365.27 
1626.56 1203.12 
1394.59 1052.83 
1280.55 1265.96 
899.04 682.52 
1222.79 502.33 
959.65 483.91 
1223.80 938.36 
774.14 1441.11 
1278.19 1364.59 
610.94 1059.00 
918.90 877.85 
763.55 1103.94 
1080.20 654.24 
1156.65 700.35 
1653.18 1076.39 
1056.31 1516.37 
415.34 1290.01 
868.48 509.50 
1420.19 757.62 
273.96 956.02 
689.83 374.04 
1531.68 1294.37 
1571.78 685.71 
867.14 869.44 
1392.58 1496.61 
1089.51 587.56 
1149.48 508.17 
710.74 452.11 
789.63 834.05 
700.87 687.15 
961.61 1187.01 
386.00 1437.50 
827.37 1331.77 
1106.86 473.17 
1104.59 848.13 
1379.20 1067.07 
1107.95 1275.42 
739.99 663.37 
951.95 812.88 
565.16 836.85 
1255.07 1150.07 
547.34 1508.53 
817.13 832.59 
749.77 962.55 
1166.58 931.35 
1467.54 700.92 
815.18 677.84 
929.33 524.38 
1022.59 1566.47 
1273.10 1341.02 
1706.53 1155.54 
1052.96 634.60 
897.16 558.16 
1327.48 1025.74 
1635.87 1095.16 
744.90 508.02 
828.72 1386.68 
1266.05 1196.80 
685.57 1511.44 
1108.26 1565.21 
1108.05 1395.58 
450.82 1183.69 
648.21 803.38 
1020.52 768.45 
705.99 1481.35 
1074.76 607.23 
613.17 871.06 
423.72 1338.62 
667.66 753.21 
1364.51 1056.59 
1271.45 1294.76 
841.84 1279.79 
998.86 594.84 
1090.81 1425.31 
716.85 1110.55 
349.54 1054.52 
529.09 1190.81 
496.72 611.24 
724.94 883.66 
1309.91 1198.04 
1424.21 698.91 
799.17 1292.24 
746.11 1422.45 
776.90 1573.46 
1433.08 1518.28 
856.73 1304.61 
1072.93 1454.17 
850.79 1006.70 
958.04 387.42 
704.00 353.21 
461.46 803.93 
974.21 558.37 
716.54 505.41 
1524.80 852.26 
1054.09 1482.71 
1105.30 567.10 
941.93 955.90 
1091.70 518.71 
603.40 1012.38 
1173.67 580.04 
1165.44 735.66 
1632.14 1432.73 
568.82 1258.15 
1076.89 513.58 
724.88 1527.16 
375.91 1473.59 
1211.16 1443.80 
484.49 644.62 
1547.84 1087.29 
426.14 750.87 
813.48 656.70 
600.66 650.71 
763.00 581.87 
614.96 789.26 
1235.20 1498.82 
1397.31 1417.68 
1627.92 729.98 
558.68 1289.43 
1242.13 1082.36 
1015.39 1676.50 
582.27 1509.18 
393.82 865.38 
730.15 1476.09 
1070.36 724.51 
1441.97 1286.53 
660.78 1074.26 
457.45 1383.11 
1023.17 807.92 
714.21 799.08 
633.13 819.52 
228.09 761.12 
1736.62 1260.27 
522.73 443.20 
1226.10 1063.20 
1511.35 865.49 
532.82 665.48 
1414.67 1387.87 
734.21 1500.67 
1502.07 627.72 
1374.84 1526.26 
180.57 1072.47 
1436.64 738.05 
1612.53 1344.79 
646.93 1585.80 
1008.69 1713.51 
1231.21 1393.73 
637.86 1621.84 
1559.15 1748.36 
1267.87 442.47 
1068.14 1450.72 
1003.71 518.88 
1387.09 1402.36 
1181.84 370.16 
1616.84 1569.11 
821.06 1164.85 
181.36 779.35 
1741.48 1287.45 
1089.71 1671.97 
1260.10 1392.91 
1238.91 1664.35 
1496.97 1170.24 
1636.98 1352.94 
880.95 1669.10 
1045.61 1560.65 
1441.88 562.48 
1077.15 1477.13 
1354.23 476.57 
1308.76 916.49 
1021.71 1641.08 
1445.23 1253.78 
1322.11 1341.14 
759.91 488.10 
1596.63 1360.47 
913.41 449.43 
1079.15 821.98 
1373.25 1257.31 
780.29 407.09 
1101.75 1600.68 
1840.89 1375.97 
1048.07 788.17 
1041.03 501.32 
909.60 781.14 
516.31 1422.00 
846.19 1302.92 
822.10 542.49 
433.30 1236.83 
913.56 663.70 
769.27 1196.10 
329.88 818.43 
956.35 1662.71 
816.90 853.19 
1093.35 1368.97 
1291.02 1246.47 
1082.68 1226.77 
1546.15 959.56 
489.62 1312.37 
1179.35 468.16 
1092.67 1203.92 
736.74 1084.70 
1280.40 737.75 
1285.32 684.44 
819.94 376.34 
1061.66 626.62 
307.41 868.92 
232.82 747.44 
749.88 1446.61 
1518.69 1449.96 
419.09 1314.58 
495.62 851.83 
1186.32 662.05 
653.52 1468.17 
1328.18 569.93 
1658.33 690.75 
860.59 1252.59 
623.60 965.32 
714.18 786.80 
1560.83 806.42 
598.65 1777.95 
375.18 470.96 
1814.99 1181.02 
12.61 1093.69 
856.75 1229.43 
804.60 404.32 
1321.86 945.99 
563.73 1090.89 
1405.02 1341.55 
1428.99 638.36 
708.27 1597.27 
1254.99 642.20 
584.79 633.30 
243.77 866.40 
1402.60 1385.37 
1909.49 784.09 
601.65 246.80 
180.35 864.38 
1743.35 1388.97 
1406.08 1352.87 
865.78 1743.25 
365.37 1509.97 
611.40 1528.69 
898.91 1700.49 
575.05 1459.73 
1669.19 1061.01 
1316.33 924.07 
974.13 464.19 
1192.20 755.51 
792.55 543.01 
1809.74 771.98 
1625.21 645.15 
1017.86 591.88 
635.37 580.14 
458.49 1232.47 
1599.55 1164.25 
1226.78 1425.45 
1419.31 676.78 
1150.57 1674.62 
1244.79 283.63 
1360.58 612.52 
1133.75 1270.84 
1101.46 900.42 
485.85 257.31 
335.90 1407.83 
259.20 970.86 
668.74 634.02 
1354.12 1553.70 
629.10 1473.04 
1218.93 486.92 
1153.40 1223.08 
1513.61 1603.62 
1832.37 1245.10 
910.44 351.33 
1793.22 1441.35 
984.99 1626.96 
1292.35 1090.44 
1028.87 691.54 
562.22 496.11 
1511.41 1315.16 
1356.52 1011.49 
730.94 527.53 
1724.38 1136.49 
1079.61 381.60 
1325.01 1181.64 
1075.07 807.88 
1242.05 677.39 
1028.08 1605.76 
1192.41 542.24 
726.09 1451.94 
1359.13 1519.93 
1194.89 447.25 
1525.05 1372.02 
938.08 1442.14 
157.50 806.63 
649.36 561.93 
1823.28 615.86 
1010.25 1437.22 
1227.13 621.47 
576.74 933.31 
1242.10 384.30 
657.04 1492.83 
1566.94 943.07 
556.72 1474.14 
1255.76 839.06 
733.15 310.88 
1166.63 391.03 
610.72 630.83 
753.94 1470.43 
1368.37 1078.99 
1200.41 601.18 
1100.54 686.55 
863.62 313.33 
1210.33 1607.68 
762.37 702.42 
952.00 344.91 
1888.98 1280.14 
1079.78 1135.96 
1083.60 1707.57 
118.26 1426.43 
341.96 1220.77 
1421.19 1622.54 
699.25 1633.32 
816.62 1407.52 
1796.78 1199.94 
1534.73 671.72 
1528.16 1137.35 
486.51 1403.31 
490.98 1427.61 
1381.81 697.29 
198.22 1104.78 
1634.05 963.42 
1527.53 844.90 
1806.51 665.21 
1397.85 677.86 
1295.12 1454.74 
1484.52 1615.66 
1381.46 498.29 
784.63 1362.19 
1076.94 1745.62 
1445.33 619.15 
926.00 329.77 
494.51 1451.84 
711.35 642.99 
569.20 349.39 
1084.61 404.97 
578.58 1485.07 
763.81 815.83 
1740.53 1121.31 
1684.64 1407.87 
1115.35 1199.17 
943.67 731.54 
217.03 1227.26 
1201.60 1509.28 
1436.82 540.98 
886.29 1398.69 
158.45 1101.25 
1422.08 1336.10 
1386.88 1472.22 
769.80 523.95 
740.70 502.93 
1281.18 1385.92 
703.77 1218.99 
784.11 898.77 
584.44 328.13 
606.38 1320.72 
1269.57 1540.69 
793.32 1412.72 
908.14 248.24 
762.37 1408.07 
1401.07 1676.90 
1870.24 1298.87 
601.54 771.25 
1344.26 1133.55 
1235.35 246.13 
1094.94 1769.53 
961.92 461.59 
803.85 1334.31 
851.12 1516.60 
523.06 935.33 
901.81 562.85 
370.29 869.17 
549.11 250.35 
791.00 284.31 
1210.37 346.80 
975.09 945.97 
1253.05 1469.61 
1848.58 878.62 
1089.87 1742.70 
1432.61 400.25 
342.99 1583.54 
1003.18 616.67 
736.94 641.29 
1547.95 1247.46 
962.81 1627.15 
1266.59 389.56 
637.20 947.83 
268.74 815.06 
1271.82 855.15 
806.63 1212.19 
559.71 636.24 
384.14 389.43 
1333.26 592.08 
1669.12 1224.83 
411.30 1265.76 
735.38 262.95 
1124.12 180.29 
1457.95 819.54 
784.44 317.86 
661.23 269.88 
1003.37 1819.92 
889.30 692.02 
1473.95 800.55 
462.23 680.97 
850.18 1326.78 
1380.47 1550.79 
1720.69 1008.73 
778.26 1465.90 
1021.63 1374.36 
1013.37 480.34 
302.77 1516.88 
444.55 696.32 
1732.33 1446.12 
1563.72 1232.07 
1495.96 1559.88 
1519.27 830.73 
847.60 1163.85 
1260.49 1173.25 
1122.01 1344.72 
1477.82 1590.17 
569.72 375.46 
1505.92 1847.56 
1135.87 889.76 
1113.68 1737.56 
709.73 1066.85 
467.98 808.78 
655.83 1550.35 
648.73 683.24 
603.68 1479.76 
830.42 1745.41 
955.28 286.84 
1684.05 911.48 
1018.54 498.93 
1531.19 1395.89 
481.40 1161.55 
1756.13 1512.22 
232.35 1345.70 
1842.42 855.50 
541.04 1780.27 
728.27 768.64 
1514.02 1122.46 
1517.11 1568.28 
1156.88 1906.21 
161.71 1127.10 
502.97 1172.61 
1489.94 781.00 
794.61 634.80 
635.20 1054.71 
1793.17 1068.64 
1138.29 230.69 
1064.09 498.10 
828.51 401.82 
1186.71 877.23 
545.53 1441.24 
465.06 1432.26 
726.49 387.06 
1151.55 411.87 
818.76 1282.91 
1196.98 348.98 
750.39 384.41 
587.86 142.42 
426.67 1364.09 
1068.75 521.63 
814.71 1258.54 
1805.04 1634.83 
620.44 371.08 
1528.70 1192.22 
1514.01 1529.08 
640.89 1075.14 
432.28 1129.88 
809.93 493.21 
730.47 650.09 
331.84 542.34 
804.76 1731.21 
1647.49 1478.31 
835.63 1378.73 
1520.74 439.71 
1620.80 1488.28 
314.18 1138.35 
481.07 749.99 
1587.75 577.50 
1031.88 1183.51 
1253.32 1559.79 
1609.64 1544.06 
400.94 549.90 
1438.34 1736.21 
768.97 136.97 
1348.33 335.27 
967.12 794.31 
821.31 1656.98 
738.59 1108.44 
1263.66 269.04 
497.26 1272.79 
753.26 1087.06 
81.01 869.36 
1141.54 719.87 
1667.22 1426.43 
1102.52 1179.08 
1528.90 338.43 
799.86 1307.88 
574.31 1399.36 
796.13 1768.96 
1191.57 465.88 
155.57 917.69 
943.19 408.16 
1509.67 1639.75 
1520.79 1246.79 
731.93 1309.86 
1311.18 703.87 
551.52 613.17 
1702.50 781.95 
491.39 1078.97 
1864.11 687.08 
262.16 1103.78 
1474.52 606.36 
1228.44 1577.78 
756.04 1764.32 
138.34 810.68 
586.54 667.04 
436.82 1261.14 
1792.22 737.01 
797.61 1168.26 
1415.78 1288.01 
1739.29 1470.48 
159.14 1055.47 
1345.08 1611.51 
1099.42 1349.97 
1393.08 1193.84 
1697.24 759.62 
1571.66 738.40 
1408.84 1606.06 
1404.42 777.16 
1646.38 875.29 
1839.02 1268.98 
1070.58 159.98 
1180.16 1562.78 
1417.34 1657.91 
822.85 1307.90 
1112.79 1531.95 
1154.15 208.03 
516.05 824.32 
479.06 1352.71 
1444.28 968.04 
622.49 387.85 
627.10 1452.03 
821.04 1431.40 
1333.71 1607.75 
1149.53 817.94 
1448.00 922.60 
1688.67 1174.15 
1362.06 1580.31 
674.14 1300.67 
1660.75 1496.35 
878.87 1733.37 
1313.92 1661.90 
1062.78 1274.91 
1029.84 175.82 
1212.03 327.59 
1623.89 348.38 
1102.89 1251.94 
438.96 385.53 
710.44 265.08 
1351.57 1636.98 
770.96 1148.42 
786.96 1866.70 
1108.44 402.84 
772.81 1041.00 
597.70 1354.66 
345.31 896.62 
1449.34 1678.10 
1083.58 1158.42 
273.72 1413.78 
752.20 1681.88 
1016.95 1541.03 
1460.82 951.35 
1611.02 749.17 
1205.40 1477.42 
1627.72 1512.75 
1078.27 828.71 
1798.40 759.13 
941.07 710.11 
698.07 249.05 
354.48 1546.12 
418.74 861.34 
869.98 1298.54 
895.53 1597.80 
697.33 1430.65 
1455.34 1703.34 
1265.31 1573.46 
1297.39 1730.09 
482.75 1378.51 
1264.86 757.55 
1321.65 432.92 
857.77 209.20 
1921.36 1178.08 
1556.62 1463.44 
1280.80 859.84 
1129.89 305.59 
541.81 1414.58 
1222.56 1552.47 
1718.70 873.63 
839.59 453.12 
261.92 558.55 
868.99 537.09 
1731.60 1235.93 
645.83 369.01 
1136.73 432.53 
1251.93 1343.41 
966.14 219.61 
1740.60 852.83 
824.66 473.10 
975.46 596.03 
331.21 1621.03 
322.84 1100.62 
1231.59 1036.04 
1723.75 1305.02 
411.57 387.55 
1587.92 1657.86 
777.62 1906.59 
517.95 379.64 
885.74 488.63 
1162.62 910.81 
777.87 1337.78 
297.87 928.18 
1449.25 1500.08 
1508.11 1099.00 
1775.25 1086.68 
1186.48 161.67 
430.62 1002.23 
1048.76 263.44 
1523.45 1814.32 
1514.08 1245.07 
785.55 1537.61 
805.54 1751.72 
510.96 500.85 
1561.51 922.10 
1598.87 1328.02 
439.04 354.69 
1569.62 1689.72 
1257.60 363.55 
1249.55 817.40 
1228.18 698.51 
518.33 1617.29 
1320.28 313.39 
388.84 697.23 
924.73 1128.19 
657.53 1819.41 
220.61 1382.37 
378.29 1650.58 
1238.99 368.31 
135.13 678.29 
1446.17 917.99 
220.10 427.48 
1283.42 664.66 
1184.47 1316.18 
934.38 1266.35 
931.60 616.26 
1502.50 1584.91 
1035.86 478.94 
683.94 616.27 
636.29 628.49 
952.37 180.99 
1566.03 1198.86 
1512.68 1155.03 
935.70 118.87 
1428.98 1552.68 
468.37 1457.85 
1500.77 661.62 
1418.87 1310.15 
456.51 1084.36 
1606.11 646.36 
1827.83 752.81 
515.48 212.15 
981.28 1138.91 
739.77 411.44 
941.45 1737.50 
1157.44 1705.13 
1758.62 688.15 
893.95 270.08 
1795.52 1405.98 
1221.58 1457.45 
1791.67 790.64 
431.11 1388.71 
1493.99 1657.92 
998.83 729.53 
1507.20 1504.42 
1521.26 489.01 
1559.21 555.74 
358.97 683.38 
1008.59 1847.50 
845.52 305.18 
947.70 575.94 
1660.11 1768.01 
1158.25 327.58 
768.49 1609.69 
687.31 645.79 
1620.03 623.14 
1366.48 520.10 
910.16 443.08 
711.72 622.45 
1107.80 274.84 
1057.00 384.41 
1631.99 1293.70 
1347.42 211.80 
664.31 1328.18 
512.87 341.34 
1715.40 1083.68 
465.23 383.87 
857.96 1781.46 
1246.67 507.59 
279.73 1591.81 
1529.48 976.47 
619.46 598.85 
793.48 501.14 
1543.38 825.63 
1485.94 1732.29 
196.97 1456.46 
1726.09 532.08 
845.60 540.06 
535.02 638.91 
1301.20 549.34 
607.42 1503.97 
887.68 1633.63 
1480.62 983.58 
617.64 1485.72 
224.90 577.83 
1295.69 721.99 
1407.54 1463.93 
1070.64 1783.10 
940.58 308.22 
660.72 1517.43 
1233.16 1701.14 
1341.23 1292.18 
635.71 1523.86 
1254.81 1312.92 
815.86 282.00 
333.74 686.52 
1534.51 1548.57 
680.25 1784.85 
528.61 1580.73 
1176.45 562.77 
1207.96 522.32 
1670.64 1055.72 
1216.07 466.15 
915.46 1313.85 
837.41 1349.97 
1585.06 382.86 
1132.35 868.94 
500.93 983.81 
1531.64 874.18 
1822.72 1600.78 
1616.50 1147.88 
1715.36 1089.20 
395.40 1319.07 
612.35 491.45 
1137.54 333.69 
741.62 1394.09 
1559.76 917.63 
1601.58 1657.73 
541.57 820.84 
1392.55 1209.98 
802.00 1190.49 
826.83 1718.95 
1155.71 1700.24 
1407.16 1242.54 
790.78 1122.96 
1480.58 832.67 
1004.36 364.35 
1185.81 1611.78 
983.26 135.00 
772.95 800.29 
426.60 1739.73 
627.63 1798.89 
997.79 969.22 
1319.00 187.97 
808.45 616.31 
1410.94 1365.51 
1941.46 660.35 
287.55 1184.16 
925.43 578.63 
673.28 1474.92 
652.21 1344.36 
771.68 338.44 
260.90 743.22 
1302.88 820.34 
726.81 204.76 
1738.15 1323.23 
1453.10 522.27 
1077.27 285.98 
1389.91 798.24 
923.09 322.90 
883.15 392.21 
818.31 1141.85 
517.47 1123.17 
1586.26 435.89 
722.96 1166.90 
869.36 302.12 
740.40 182.58 
406.12 510.62 
1598.47 1600.40 
561.17 143.52 
659.37 1050.21 
563.02 1066.39 
546.49 520.67 
934.16 1774.90 
747.25 720.04 
1922.86 789.15 
475.71 903.25 
899.02 325.24 
546.74 1011.93 
411.70 676.66 
1831.60 996.79 
942.50 1664.24 
1478.87 1808.58 
494.85 1126.80 
1588.96 666.06 
124.55 1479.82 
849.64 1182.97 
643.88 917.40 
587.02 1062.23 
591.49 792.02 
1024.79 791.60 
1376.26 322.44 
459.43 556.20 
730.68 1769.91 
1116.03 1437.49 
748.74 289.24 
1394.15 1047.18 
1507.35 1349.26 
1727.44 1527.65 
1826.09 1517.30 
920.56 555.79 
1716.83 1584.91 
449.77 1158.86 
646.22 433.90 
1583.43 1021.87 
599.25 1178.57 
1593.54 768.46 
1510.81 360.40 
844.48 519.06 
1019.90 239.71 
220.84 918.87 
1127.45 1513.85 
1179.46 1346.85 
1400.13 1120.00 
1014.37 710.31 
232.13 1017.09 
1585.43 290.23 
1785.80 578.12 
827.65 928.63 
1632.41 1329.49 
827.04 567.53 
785.00 1533.15 
1420.46 1768.35 
653.08 652.57 
325.02 1444.10 
1181.78 227.00 
1715.71 452.06 
1575.97 1412.26 
1703.17 1357.75 
835.71 1586.21 
1192.56 1638.64 
453.07 953.85 
690.42 801.52 
1434.28 1280.98 
450.71 456.71 
1264.52 1314.91 
984.41 1854.06 
1240.00 1717.14 
783.55 1489.52 
1168.07 290.66 
1659.50 920.14 
288.66 637.38 
1137.49 1239.81 
1938.26 637.30 
1719.57 619.12 
786.92 657.06 
1056.64 743.42 
1354.47 155.47 
1152.35 312.38 
1396.36 1713.87 
1652.40 1241.62 
184.63 1493.53 
864.12 673.44 
180.23 1051.96 
803.29 1459.57 
105.91 840.28 
1122.41 1546.31 
1306.64 571.60 
1412.27 1159.90 
915.21 690.78 
1388.25 1390.23 
737.75 796.64 
1579.16 1215.85 
1534.33 1317.00 
329.45 1252.16 
1461.42 1237.07 
933.87 439.84 
989.20 443.48 
1064.20 1532.02 
1164.19 444.85 
642.91 512.51 
324.74 564.98 
1712.99 1658.13 
282.43 717.14 
314.25 1480.30 
862.23 202.77 
1867.98 1129.32 
872.85 1706.09 
1197.25 973.87 
1327.81 1151.17 
1210.78 426.34 
549.51 1466.40 
1187.01 348.52 
647.46 1043.96 
1707.20 552.50 
835.82 355.28 
1668.82 486.88 
627.64 834.85 
250.41 1486.38 
732.06 1134.35 
561.84 1703.36 
1369.00 1606.52 
692.94 834.42 
787.49 1100.52 
1557.20 414.30 
995.19 1847.15 
1433.50 278.25 
1165.03 487.70 
982.08 1926.78 
1136.24 424.36 
902.91 1563.34 
489.50 1133.93 
251.54 984.53 
1469.52 583.77 
1417.07 700.98 
740.87 1276.84 
894.64 1674.96 
1483.31 765.93 
676.97 393.54 
414.84 899.11 
687.40 1093.37 
632.24 1498.27 
1777.72 386.56 
877.05 292.28 
1361.94 1487.59 
992.40 1484.79 
806.84 180.81 
132.21 1104.46 
959.61 1860.22 
627.90 1658.34 
1246.21 1375.51 
869.14 1944.01 
1591.13 1807.66 
1678.68 1735.55 
1497.87 607.56 
1511.30 1424.58 
724.99 845.46 
1289.25 1488.48 
914.60 544.15 
628.37 244.80 
430.30 1212.42 
1548.98 1082.53 
1092.08 493.30 
1097.42 1227.30 
595.69 373.61 
699.53 162.98 
1868.69 959.65 
1082.94 1502.09 
919.13 1913.35 
1522.27 743.16 
473.73 906.51 
1528.65 1131.64 
683.27 979.63 
941.80 222.56 
806.67 976.18 
1046.06 259.04 
702.53 1456.18 
1259.01 663.95 
1519.51 1268.74 
944.04 1410.06 
1246.91 1445.20 
922.78 225.84 
319.86 968.43 
684.84 267.17 
1228.57 305.45 
709.80 1506.85 
990.38 538.16 
785.22 113.20 
1476.78 1221.22 
507.50 949.54 
1559.22 1429.97 
348.01 389.56 
1051.05 1806.78 
854.03 1739.75 
262.53 1450.73 
1985.13 735.13 
930.77 957.35 
1515.40 1875.88 
816.01 274.51 
1937.74 1335.83 
1357.30 592.45 
685.48 1069.93 
1276.46 239.28 
448.85 1335.20 
1774.96 1254.21 
1181.15 123.54 
1553.68 1497.22 
642.37 1381.18 
538.98 1070.74 
1706.59 1642.72 
408.00 1215.01 
131.50 812.45 
971.31 677.40 
509.10 463.71 
1298.45 1423.21 
585.06 1872.32 
792.76 752.63 
687.43 624.21 
726.53 431.50 
646.10 107.04 
1813.13 1660.32 
1466.00 324.49 
535.97 498.50 
157.41 627.58 
967.31 158.61 
1735.61 1566.16 
663.23 648.59 
434.64 1413.39 
1752.82 898.44 
1179.39 781.87 
550.04 1136.18 
874.91 1321.17 
775.85 382.81 
1227.17 1738.62 
593.70 429.14 
1376.47 791.52 
349.43 1180.33 
112.84 1401.20 
1051.19 1901.33 
1404.54 1641.35 
650.45 1764.46 
906.49 419.97 
1202.19 138.56 
1641.27 1273.40 
1287.19 1309.80 
683.42 1269.17 
1121.60 452.67 
267.07 1630.18 
697.83 471.47 
947.33 555.79 
972.77 366.40 
629.81 486.38 
1577.84 1716.37 
1077.13 214.59 
791.76 416.70 
1893.25 541.66 
431.94 508.48 
370.27 1001.40 
894.57 300.23 
329.38 692.38 
1428.66 1584.19 
661.13 413.85 
411.41 269.81 
1129.61 1386.15 
405.75 1363.57 
827.84 1453.00 
719.85 331.64 
1429.60 1709.21 
1597.77 1695.48 
497.60 1477.29 
398.24 1402.02 
701.99 388.99 
1408.68 869.74 
1198.25 58.60 
1737.74 1365.19 
1061.43 237.16 
1748.73 617.60 
530.18 541.64 
551.98 735.03 
1169.25 1632.21 
661.62 759.00 
578.33 447.39 
1591.98 600.50 
645.40 1383.27 
444.72 1428.57 
1896.64 564.62 
1077.32 104.95 
572.63 1093.82 
698.79 596.59 
1507.49 1104.41 
997.79 770.89 
1517.54 641.43 
475.02 1180.47 
759.61 1790.79 
1916.78 806.62 
121.99 1144.17 
291.55 1554.01 
70.75 1268.95 
602.56 1018.54 
1502.82 460.41 
284.22 1377.43 
1318.61 1716.24 
1031.49 281.01 
1073.22 260.98 
1715.50 1621.47 
732.66 1493.24 
1271.76 1735.00 
593.42 1531.74 
1206.79 223.38 
682.01 1440.59 
857.44 423.57 
1488.37 1694.79 
1851.45 1317.05 
1262.47 75.52 
1834.97 1542.22 
1615.01 855.06 
1512.57 1127.51 
664.79 1096.82 
709.99 1958.78 
643.80 1200.58 
128.83 1103.17 
794.81 1827.00 
881.48 421.56 
1423.77 1587.84 
1463.44 1073.00 
540.08 1544.29 
325.07 923.56 
1215.95 223.52 
322.65 821.00 
214.17 1600.01 
465.27 836.23 
1268.04 1438.31 
1652.50 526.48 
1617.53 1202.00 
437.57 1701.28 
856.71 528.01 
592.98 1109.79 
1238.81 1202.25 
1218.80 776.04 
1093.78 1446.76 
1261.48 261.04 
661.48 639.49 
1497.27 1051.98 
771.49 76.51 
1373.00 1101.52 
828.23 42.09 
901.52 250.00 
1451.50 1467.45 
977.96 601.76 
519.50 1447.47 
765.98 286.76 
1316.30 1699.37 
1687.25 466.24 
1754.00 834.47 
1638.48 1456.54 
453.44 1359.48 
567.03 1439.21 
530.39 1198.00 
488.02 909.22 
1677.56 384.52 
1311.44 686.51 
604.65 1315.66 
1650.54 946.45 
618.45 1695.56 
1395.82 1518.80 
1385.96 616.26 
995.31 242.73 
661.07 82.55 
223.48 1054.52 
614.46 1282.54 
1468.04 1450.00 
1561.51 1427.53 
1856.53 493.48 
873.48 560.54 
1772.49 809.47 
1163.69 1935.32 
496.23 1692.31 
1384.71 1834.67 
406.01 1049.49 
1122.73 253.22 
857.46 176.48 
1868.89 710.56 
1028.23 1814.98 
1230.49 1494.47 
497.95 734.54 
939.02 199.50 
599.95 524.22 
1589.55 313.44 
587.79 1534.04 
931.01 1473.00 
688.68 512.76 
322.48 901.01 
1101.76 283.95 
715.98 546.00 
1137.74 1916.26 
889.48 672.00 
975.25 2032.05 
1015.97 138.52 
1497.49 1059.51 
1270.76 1438.99 
1687.49 280.01 
1468.00 1914.52 
669.31 396.27 
664.84 542.00 
1813.28 1388.38 
32.23 928.28 
491.71 381.27 
1134.36 1856.27 
666.51 510.96 
1244.99 100.00 
924.28 1506.33 
668.28 488.75 
627.96 585.00 
582.30 576.69 
1354.72 443.34 
1618.51 335.99 
978.87 136.00 
1458.50 598.51 
1691.34 739.33 
615.70 995.35 
810.04 276.00 
602.68 510.69 
1491.67 194.30 
865.35 1914.71 
429.07 1006.00 
1107.66 673.65 
1803.72 781.65 
686.27 1101.33 
1124.66 1244.29 
1222.68 696.32 
568.62 963.69 
1087.31 1298.31 
1580.75 987.63 
725.42 1795.28 
715.37 1529.69 
1243.73 1545.68 
1897.98 590.00 
1775.36 1459.34 
545.30 1793.32 
1796.60 1436.72 
740.95 289.00 
649.00 1443.07 
1526.31 1142.28 
1387.33 402.28 
694.86 473.00 
1265.70 1326.31 
165.69 1348.70 
741.32 1280.34 
1649.00 503.98 
405.36 1360.69 
1764.72 598.28 
119.88 639.00 
829.00 253.00 
559.32 242.31 
673.69 394.30 
1746.00 624.00 
543.89 621.00 
1526.69 1299.61 
1864.28 855.34 
1164.34 798.33 
648.66 1439.70 
1588.32 1810.32 
1386.33 795.35 
1716.71 1375.67 
787.99 813.00 
999.70 220.67 
181.30 1022.65 
1809.67 914.29 
1565.32 1064.65 
1327.66 1643.71 
382.69 1650.65 
1698.99 1011.00 
493.36 1101.70 
1741.30 1115.67 
503.68 1501.70 
607.36 273.29 
1622.36 339.33 
515.71 681.32 
1174.36 1627.70 
1123.67 145.69 
235.94 868.00 
1017.98 1671.00 
708.02 791.00 
1290.00 1703.11 
1234.60 369.71 
1707.38 1734.71 
797.95 297.00 
1685.69 573.69 
1161.33 423.66 
515.67 1773.35 
1198.36 581.32 
631.05 131.00 
151.00 1228.93 
138.00 1265.00 
626.31 838.61 
1194.67 1543.67 
1648.33 1277.31 
1729.69 1639.35 
765.00 1393.05 
768.65 915.66 
848.34 1877.69 
1546.63 871.31 
785.02 1487.00 
722.00 1426.96 
1365.32 240.64 
832.00 179.00 
1097.66 1465.68 
1182.23 1067.22 
945.81 1076.84 
1018.89 889.68 
1014.26 916.97 
713.06 1306.18 
1089.27 852.38 
513.90 1047.26 
1234.65 1056.67 
1187.51 1030.38 
1159.08 1120.69 
1418.32 1150.43 
1058.92 1179.23 
1098.17 781.31 
951.40 1173.04 
1476.66 969.82 
881.07 904.58 
698.21 840.87 
1283.45 1452.77 
858.13 958.13 
1241.17 1153.79 
1074.66 1461.21 
775.35 935.52 
944.34 828.78 
1287.06 1046.77 
1082.30 1133.48 
704.92 829.47 
1549.77 985.92 
1468.41 1145.89 
1441.59 1096.44 
1249.98 1447.34 
728.75 713.56 
970.88 856.98 
1436.01 1051.81 
561.97 763.34 
1237.81 890.03 
913.50 992.54 
379.46 1177.87 
1066.76 866.37 
1038.42 1303.67 
712.54 695.62 
624.31 957.26 
1465.40 902.85 
863.25 1422.17 
1330.37 851.03 
1158.26 1496.96 
1584.31 765.21 
1203.45 1372.20 
1220.20 1391.17 
877.86 838.00 
1654.93 1106.90 
884.96 1120.76 
991.96 1426.35 
1045.94 792.05 
606.27 883.22 
855.50 1416.09 
1259.55 1204.54 
1509.46 751.39 
623.88 765.90 
705.56 768.70 
950.40 587.43 
1317.22 1269.18 
859.44 1532.24 
798.23 881.43 
805.06 647.03 
784.58 1190.01 
515.21 1010.68 
1394.67 1204.74 
1088.88 1558.98 
865.75 1175.83 
1139.19 1053.37 
894.17 1375.86 
1075.53 619.11 
959.58 1363.76 
924.08 1420.82 
1065.21 1388.76 
1320.60 922.03 
719.09 621.16 
1128.43 1254.77 
702.59 602.35 
1009.41 1259.86 
1433.53 1383.65 
696.39 677.45 
612.24 987.37 
1405.20 764.16 
1631.87 1103.76 
1354.61 1111.72 
402.67 976.62 
1385.93 1204.63 
950.37 579.79 
897.09 598.54 
1463.13 595.14 
813.68 597.97 
1157.83 1299.48 
862.99 573.59 
761.99 998.98 
504.05 1070.25 
912.30 549.13 
1371.10 1259.64 
1372.09 802.47 
1368.30 1322.45 
1358.56 1428.47 
995.93 481.69 
1431.02 1448.74 
1375.42 1458.13 
704.92 576.36 
998.80 1400.20 
1180.69 1355.25 
725.03 718.98 
978.91 786.48 
951.77 1467.02 
891.00 864.94 
1101.80 618.14 
1540.34 1241.92 
1141.26 1319.08 
992.39 805.34 
1478.99 760.08 
826.67 1371.04 
1119.31 1536.58 
1234.71 544.94 
898.59 729.26 
820.83 665.52 
612.43 1217.13 
1024.08 827.66 
1136.16 1553.13 
574.42 668.69 
1269.61 1368.64 
1249.22 563.49 
1238.08 1405.22 
1383.31 1406.76 
1448.96 1479.39 
959.17 1223.35 
661.05 725.06 
1104.64 1424.93 
591.23 1205.82 
1044.46 657.98 
1006.97 1454.22 
511.82 1333.14 
1476.50 1401.23 
460.96 573.52 
796.27 553.45 
538.05 818.99 
911.98 453.66 
864.37 661.40 
832.56 612.96 
1223.60 1244.09 
510.13 1452.11 
673.73 1064.64 
534.62 1256.74 
1019.02 593.84 
1501.52 1240.39 
555.86 985.78 
1293.85 1143.93 
1296.87 717.91 
561.03 1126.36 
654.34 1111.89 
1212.01 1487.08 
455.16 895.08 
987.53 1317.42 
840.42 1108.98 
1046.52 1222.57 
973.19 1615.29 
471.68 722.60 
1141.54 841.72 
899.34 1490.71 
1327.66 1286.55 
1340.81 778.65 
1615.13 1261.28 
492.63 1129.57 
1184.82 901.07 
1314.60 1077.16 
1263.70 1279.02 
821.47 827.47 
553.20 1009.36 
255.60 863.99 
1199.04 668.47 
1543.25 1145.06 
1434.06 1010.71 
585.21 707.26 
928.85 1537.19 
747.42 495.49 
1194.16 830.61 
1414.94 882.89 
496.31 856.73 
1466.64 781.31 
1013.85 696.42 
1258.13 395.95 
763.97 514.91 
1623.17 1002.96 
473.05 750.14 
1456.92 1236.94 
1027.90 1603.05 
1067.36 1484.94 
479.85 1405.30 
1466.27 1222.79 
1331.46 499.98 
752.81 988.95 
586.75 1441.08 
1516.28 1297.75 
1346.76 1432.10 
1101.63 1518.83 
720.61 1230.95 
912.80 616.93 
1507.62 658.32 
1356.60 882.66 
872.97 1507.41 
1385.04 1172.36 
866.11 561.46 
690.13 1278.03 
968.16 1495.72 
834.16 1470.26 
656.44 1330.63 
722.02 786.43 
1459.36 1205.57 
813.44 738.60 
1012.45 1572.78 
846.22 1205.50 
1458.15 1408.78 
844.15 558.26 
1492.24 1353.59 
1348.31 613.45 
1396.06 1017.38 
525.35 1082.09 
1250.88 829.97 
1164.85 1061.19 
585.81 869.19 
1180.05 558.96 
1410.52 1051.97 
1419.24 1333.64 
1364.72 1343.15 
669.34 564.00 
1039.93 1234.40 
705.81 704.26 
905.08 1067.10 
576.78 930.89 
724.20 1222.71 
1195.91 1457.70 
1534.96 1205.47 
684.82 560.71 
464.91 1073.40 
1161.07 442.49 
532.49 891.97 
376.17 1074.77 
771.63 602.65 
1175.89 684.88 
801.30 1440.10 
1379.50 1008.48 
1028.98 516.39 
538.78 1621.17 
635.89 713.72 
863.69 1280.53 
528.95 1331.34 
881.80 588.62 
1377.35 1263.54 
1464.40 689.87 
1647.85 854.94 
1403.35 1188.40 
1513.44 720.49 
1229.64 1332.26 
1051.49 1530.35 
846.54 1231.31 
972.31 696.99 
1510.36 1383.14 
794.44 582.53 
1564.73 1186.60 
486.36 1015.88 
1399.56 720.95 
514.15 752.64 
1290.25 531.87 
984.96 1500.64 
1450.50 1264.42 
772.32 1067.53 
1040.59 781.89 
1179.18 1572.74 
839.42 931.59 
1328.82 1196.35 
874.20 1561.89 
1420.18 1204.55 
1610.73 1347.58 
1228.00 1515.80 
284.79 1272.44 
1194.12 782.32 
979.24 1108.29 
686.23 689.23 
442.23 553.65 
685.61 815.04 
1124.09 586.97 
1145.71 680.89 
478.15 838.34 
1270.55 1198.05 
862.49 535.42 
746.90 1585.11 
731.06 1435.89 
1216.53 429.18 
941.86 1496.36 
687.45 1421.18 
1049.13 1520.96 
538.97 574.89 
913.68 1210.53 
674.67 1461.33 
365.98 1264.97 
848.30 1001.55 
1072.78 1190.82 
575.68 1125.68 
1429.88 582.65 
1030.01 1387.07 
1000.83 1341.85 
1271.55 1012.74 
1124.57 594.77 
1413.05 838.99 
1144.24 1462.27 
917.96 1641.20 
1554.12 1085.03 
1260.85 810.41 
527.56 403.20 
803.97 1134.50 
1012.50 499.52 
1391.87 1346.99 
916.83 509.34 
730.69 475.59 
1199.89 657.84 
1332.76 800.12 
471.64 1116.60 
1150.21 1382.88 
1605.51 865.50 
1534.32 1410.80 
1093.40 633.80 
980.61 1215.97 
1048.22 909.30 
927.79 473.31 
546.31 424.22 
1087.11 600.33 
744.36 733.33 
1443.01 1278.30 
276.72 855.88 
1270.72 1588.50 
254.55 778.64 
1007.62 692.94 
599.29 1355.18 
1577.11 1110.35 
1657.30 972.53 
893.72 533.58 
1756.40 1404.10 
724.61 843.23 
1156.26 554.71 
1345.47 1170.48 
1347.63 912.29 
332.60 937.24 
656.45 1469.43 
1155.17 606.19 
1578.62 977.35 
1417.90 531.48 
771.90 1395.34 
1036.41 1501.44 
175.73 1157.21 
678.69 1163.32 
962.55 1381.14 
1528.38 1413.05 
1112.67 1641.76 
394.67 916.29 
1295.90 1164.89 
1190.14 1606.05 
1722.17 837.03 
1349.24 965.43 
600.08 1592.68 
594.66 971.36 
825.72 577.36 
1092.04 1139.67 
835.46 1011.45 
564.56 444.79 
1615.79 809.88 
1062.43 542.57 
1496.14 1418.45 
400.46 1415.55 
971.90 1297.17 
1257.07 747.02 
1394.96 1145.97 
1060.74 1608.97 
497.36 612.42 
920.06 708.04 
1434.64 645.05 
1256.41 1422.00 
1398.73 1492.79 
750.98 1057.21 
792.14 833.51 
1766.90 1019.36 
515.28 631.65 
517.35 834.74 
644.07 1169.66 
451.51 969.63 
1582.50 1599.03 
1143.95 474.38 
508.71 1573.17 
1497.52 825.15 
1506.22 563.10 
1193.67 1438.81 
779.76 1261.58 
702.32 1390.58 
634.57 933.26 
1106.19 455.40 
865.37 1331.78 
1334.49 595.29 
1120.59 1336.87 
1205.04 1013.54 
633.30 1100.37 
420.15 1372.27 
1037.94 1436.40 
1621.54 1010.56 
1289.23 1736.65 
1092.74 692.46 
1150.69 770.12 
1729.39 1150.71 
797.48 1326.65 
1390.04 582.28 
1263.90 579.17 
819.92 944.07 
1281.51 1617.33 
1333.56 1429.92 
1106.51 579.86 
1436.41 1181.18 
767.67 1336.90 
1721.84 1047.55 
931.21 1411.37 
1741.77 501.34 
925.06 492.67 
1033.82 612.11 
836.66 683.44 
536.24 1163.05 
582.47 465.11 
875.04 1248.81 
586.18 1560.87 
684.72 1260.88 
1562.73 831.30 
804.47 1517.69 
1005.33 427.55 
1455.88 853.97 
1439.52 1442.43 
1591.50 957.71 
368.72 588.51 
1152.12 483.98 
965.62 605.74 
761.20 1126.32 
581.97 1224.52 
921.60 1360.64 
438.89 1163.89 
1275.63 513.40 
1222.01 1315.78 
853.24 1466.42 
1646.32 1168.88 
629.59 1640.72 
772.90 1408.28 
875.39 517.26 
674.86 895.42 
1171.11 890.59 
646.32 1324.61 
1420.48 1425.28 
1331.99 1586.74 
888.89 834.56 
1328.57 306.90 
831.47 738.71 
1354.98 982.75 
695.26 1508.07 
294.82 901.24 
520.93 800.97 
980.67 539.87 
1348.30 1516.07 
717.52 1220.13 
776.70 1334.24 
1520.99 795.50 
1779.25 943.54 
947.39 705.53 
902.55 1176.62 
616.55 1369.54 
664.35 544.92 
981.27 1533.55 
1180.22 961.76 
1428.76 983.36 
1355.09 588.16 
1088.41 1806.94 
1132.65 911.91 
1146.32 1701.50 
1393.70 651.12 
1406.97 1431.83 
833.13 1605.47 
1476.60 1327.03 
385.24 1279.92 
1128.55 1597.51 
868.73 1483.11 
1681.32 899.58 
109.66 996.33 
650.93 1251.39 
855.58 1392.21 
1557.96 913.79 
943.51 321.30 
1372.16 1541.94 
1265.09 1228.06 
626.08 897.42 
1449.58 1469.58 
1225.60 1192.91 
338.73 1172.30 
180.72 708.68 
543.81 722.95 
1073.65 1684.27 
1136.63 844.92 
159.72 1247.72 
1339.75 1213.50 
830.21 1485.82 
432.41 1343.03 
764.11 267.63 
1233.62 1475.77 
490.37 361.08 
1168.62 696.50 
987.42 714.29 
744.19 606.95 
1137.79 540.38 
568.06 688.64 
1762.03 868.33 
1695.18 434.41 
1102.17 1283.18 
1081.56 1578.75 
1083.37 1427.27 
1310.18 409.01 
477.73 1526.12 
646.39 659.17 
943.01 492.22 
581.53 1263.79 
691.96 930.32 
1367.01 1651.68 
1594.23 1325.80 
774.83 567.01 
812.88 724.11 
459.59 1170.80 
812.37 572.30 
1320.70 1467.46 
1325.45 1805.89 
1232.12 618.52 
1677.62 733.49 
1393.02 675.46 
1342.77 1003.65 
1159.93 697.71 
313.99 919.61 
1185.60 630.64 
703.75 1507.65 
472.94 983.46 
1310.48 1352.78 
1273.39 1438.72 
1612.22 1412.23 
742.73 1635.00 
615.94 699.06 
1217.71 1036.18 
980.58 623.58 
1310.27 1472.80 
731.16 515.85 
1505.12 669.85 
715.84 520.19 
447.34 1472.99 
1088.83 758.39 
958.91 511.45 
1337.28 573.37 
1276.12 1220.21 
354.71 1058.46 
663.58 1557.56 
230.67 588.42 
1367.58 1156.61 
569.49 1309.29 
850.16 753.13 
819.95 918.48 
1602.72 1265.24 
1225.69 744.62 
1909.52 834.23 
1700.73 1351.84 
1552.71 839.68 
1364.17 1448.96 
762.27 1741.94 
1543.34 1533.31 
954.61 594.68 
796.38 1049.91 
1323.87 1491.12 
1571.15 1668.18 
911.36 317.73 
717.77 1374.13 
662.18 394.35 
1374.19 1468.06 
1412.94 1419.56 
1325.82 732.04 
1522.52 391.09 
1380.50 876.05 
1517.23 1691.75 
1254.99 1275.91 
1422.45 611.27 
1256.66 1362.14 
1382.68 1391.28 
1052.09 1394.51 
1604.17 1745.07 
1413.36 637.25 
1107.00 709.16 
794.30 1594.10 
535.69 1047.23 
997.35 1543.08 
1121.70 1783.84 
1606.03 1158.45 
540.19 1380.18 
349.94 1246.81 
1247.12 674.00 
517.52 1148.30 
568.66 1669.69 
432.45 502.07 
983.28 287.22 
839.59 1375.97 
942.38 142.70 
234.72 844.87 
666.02 800.68 
492.79 737.39 
809.03 405.44 
352.78 691.99 
734.81 643.99 
947.92 911.53 
674.99 488.19 
1523.06 684.38 
881.48 579.67 
1188.60 1164.01 
963.23 1722.07 
857.58 465.00 
760.23 1481.39 
939.74 1304.16 
555.68 781.89 
1206.82 1228.19 
456.98 489.53 
718.46 1660.45 
579.14 781.23 
436.32 877.02 
1635.60 929.01 
277.92 1168.32 
681.63 862.00 
1325.47 988.61 
423.07 533.49 
820.53 685.02 
1121.11 474.36 
1003.28 1677.84 
1154.33 1570.80 
1623.23 1666.68 
1517.58 1324.96 
896.76 763.30 
341.18 531.18 
1640.54 1186.97 
483.40 1056.64 
967.02 441.77 
424.62 919.77 
594.47 1140.42 
491.07 281.94 
912.53 1119.33 
753.01 928.17 
785.14 1507.95 
1276.63 1596.55 
600.13 485.41 
1463.13 302.83 
1561.45 401.70 
646.36 902.91 
645.37 1415.36 
1672.83 661.03 
1403.51 1718.38 
763.64 1040.09 
1317.15 480.61 
1239.60 1334.84 
1425.56 810.72 
445.74 1256.91 
1347.56 1507.45 
1581.53 1029.68 
383.78 1198.48 
1660.86 779.88 
1345.27 1591.46 
58.08 1054.98 
1051.80 467.72 
999.23 352.26 
1023.88 252.47 
1116.99 1509.17 
1442.00 1788.73 
528.55 1299.53 
884.89 1167.14 
1112.47 1421.60 
776.55 1632.22 
476.83 534.18 
513.12 1099.89 
676.25 1122.25 
1075.11 1266.18 
680.21 658.56 
1319.03 1345.83 
706.73 280.17 
1683.25 1177.87 
1048.56 629.88 
807.82 1243.68 
317.71 676.36 
1645.15 1498.47 
1364.39 1762.10 
550.40 1518.57 
252.02 840.61 
978.39 1755.14 
407.29 1698.74 
1174.00 1527.09 
735.50 535.58 
1585.94 1386.81 
1233.30 1748.38 
499.21 550.48 
908.53 565.69 
1773.50 1158.89 
1151.69 1598.52 
555.68 836.90 
1587.72 1048.10 
551.05 670.09 
581.67 681.83 
903.22 1050.07 
1658.58 718.84 
1317.06 1090.03 
342.89 559.18 
460.14 1177.23 
1007.62 231.16 
1740.10 600.54 
1434.91 737.69 
894.21 1866.11 
1405.86 1609.20 
1198.64 384.80 
779.99 534.23 
836.51 1287.80 
1795.95 1252.55 
1266.08 1477.10 
1251.60 548.51 
1138.43 1817.46 
967.78 1664.01 
502.90 535.70 
616.74 1608.04 
1540.27 795.56 
917.59 636.88 
1129.60 262.42 
1461.71 1824.11 
1282.69 793.02 
1461.55 498.99 
1663.72 1431.14 
1247.17 818.89 
1304.26 1438.13 
1410.88 666.14 
715.41 1517.98 
506.29 936.48 
968.51 1166.52 
1634.66 1290.86 
721.75 1457.72 
1238.03 1637.91 
1008.08 569.09 
1239.33 1717.64 
1216.31 1713.05 
1474.85 1495.45 
643.85 529.32 
265.81 586.60 
802.78 1684.20 
889.64 672.43 
1129.44 778.26 
534.95 767.36 
1445.88 799.65 
1063.50 265.99 
952.87 1393.08 
400.64 778.15 
1594.42 595.84 
497.03 1346.70 
1602.45 884.23 
510.05 707.74 
791.56 1765.23 
529.33 462.98 
293.36 1216.31 
1794.88 1529.39 
773.84 916.83 
715.11 117.84 
398.22 867.85 
1253.12 656.09 
602.95 725.81 
733.52 914.65 
732.22 1554.25 
1819.75 1470.03 
1495.77 1269.56 
508.48 959.73 
1071.87 486.13 
1053.31 1249.82 
1545.21 1014.07 
1170.18 499.12 
855.55 345.37 
1284.83 892.38 
1833.33 1017.95 
602.33 497.42 
830.57 388.28 
880.15 414.03 
1693.00 825.18 
971.01 482.93 
1042.88 458.79 
527.73 726.70 
1630.24 1378.15 
299.17 1411.40 
1272.13 1703.82 
1292.27 1455.81 
217.98 763.23 
1562.63 1674.08 
499.13 637.04 
902.02 1459.63 
842.99 1557.35 
1431.37 480.79 
918.42 758.34 
1779.58 1315.15 
485.82 1230.80 
1258.49 1566.65 
758.54 343.41 
436.59 1204.33 
885.34 1499.94 
1829.12 1063.08 
175.94 788.58 
972.67 913.46 
1306.81 1477.86 
1018.30 1611.77 
1070.59 1664.91 
1415.69 995.39 
1534.71 824.82 
1179.79 188.19 
724.75 591.89 
1314.34 1556.19 
842.54 1303.09 
374.11 1591.10 
1476.37 614.08 
1402.57 414.23 
1626.29 1726.45 
910.05 1900.76 
1516.62 941.87 
1847.76 1319.26 
1322.23 627.94 
408.58 941.61 
666.34 674.26 
1071.85 292.16 
655.02 982.92 
1014.85 322.17 
924.66 141.64 
1024.72 1739.13 
943.16 1567.23 
1375.73 563.93 
1552.83 721.25 
1026.15 455.78 
1131.27 1377.99 
885.73 361.23 
1686.88 1564.33 
1645.69 1490.91 
1537.14 411.49 
943.34 508.64 
333.33 822.25 
1081.76 506.02 
1383.06 1796.55 
752.92 1267.84 
1620.31 1169.67 
711.25 1286.67 
1629.26 735.19 
1447.14 525.27 
1745.92 1253.54 
810.95 847.74 
1807.92 1046.41 
1525.89 1265.18 
1156.15 1548.10 
540.73 1498.52 
1379.97 676.73 
1387.29 1286.07 
641.09 1399.06 
627.76 1285.09 
1804.65 1256.59 
1030.82 309.01 
920.81 1327.98 
837.25 1061.62 
623.25 513.47 
695.31 503.86 
1438.42 1293.33 
1753.28 1142.61 
1004.86 214.62 
864.73 393.50 
1316.29 947.81 
1457.14 1310.19 
1278.87 524.06 
979.17 1122.38 
664.31 639.85 
1083.20 1635.92 
686.29 1375.96 
559.67 1252.11 
1325.49 536.31 
1073.81 582.18 
1127.79 1449.43 
1422.41 1752.31 
967.86 785.18 
1702.88 821.38 
585.99 284.23 
575.19 553.46 
423.70 1355.37 
1201.68 409.81 
1257.55 1002.42 
1090.37 159.12 
484.75 923.73 
1068.79 735.87 
1097.53 1609.96 
1074.69 1774.14 
549.78 1310.61 
122.35 1322.71 
1285.99 1852.37 
1274.62 1364.65 
293.62 1080.16 
1267.04 1665.99 
408.26 1119.86 
1294.27 466.98 
420.38 882.35 
1648.45 1407.46 
1243.14 1415.66 
1032.25 1728.73 
1477.95 1086.38 
917.95 201.85 
1021.21 1718.78 
1335.93 1655.03 
320.81 1714.59 
1172.20 1588.20 
1585.52 569.01 
909.88 689.75 
1631.25 1501.30 
670.07 1872.32 
1091.91 435.84 
1031.57 775.67 
703.41 1595.58 
1087.36 358.79 
1118.66 324.54 
1300.48 361.62 
880.47 714.58 
1481.34 1068.40 
774.75 1510.86 
629.04 1401.41 
775.52 1929.06 
594.76 1650.56 
689.77 750.81 
1362.80 1878.59 
1841.84 1502.74 
1591.15 1317.78 
635.44 969.00 
1337.59 478.80 
1056.53 1755.51 
1256.60 1500.95 
471.18 339.16 
281.65 923.31 
1199.47 1681.40 
744.91 714.06 
1293.54 1628.10 
901.42 1516.81 
1570.25 1588.91 
904.67 1793.32 
1720.85 1440.72 
634.18 1225.80 
1021.86 1289.77 
787.96 1410.09 
505.03 323.29 
995.92 681.89 
629.27 1003.89 
1621.56 1143.77 
1665.74 487.99 
1187.14 1356.00 
1659.73 1202.91 
1640.65 825.24 
495.87 446.39 
1310.54 1661.09 
626.68 352.93 
1771.87 1495.48 
216.47 1190.79 
962.61 539.77 
1929.44 1075.82 
569.22 610.57 
1208.83 593.86 
441.28 896.62 
1133.82 531.23 
730.86 1840.67 
1827.40 1115.06 
930.38 1271.12 
617.52 505.32 
1563.15 322.30 
1462.21 1601.31 
1293.33 1324.89 
451.95 548.64 
1154.74 1854.25 
981.60 460.73 
1389.00 1121.87 
1658.22 1527.77 
851.22 541.89 
1416.04 434.27 
477.60 1186.01 
1391.52 1096.03 
821.02 1712.72 
351.19 707.69 
1439.61 1220.87 
1070.26 315.68 
1439.63 1608.05 
1447.83 1544.80 
1189.41 504.03 
1016.74 639.53 
921.64 1783.53 
1666.11 1531.51 
1606.42 1435.06 
290.97 793.34 
1187.83 1742.47 
1330.74 607.46 
1023.53 847.26 
896.08 433.78 
700.32 500.85 
265.23 1485.71 
1256.83 620.47 
382.46 1424.27 
776.73 1774.77 
1135.63 1862.27 
975.17 187.53 
807.14 311.65 
551.24 1545.02 
1896.08 1292.22 
1018.01 1534.67 
1543.48 383.91 
961.66 524.22 
374.56 897.73 
913.06 1712.43 
1058.50 113.62 
658.92 1689.36 
1575.56 1031.76 
1650.06 573.58 
894.61 258.23 
1187.40 514.93 
67.25 959.85 
755.32 551.31 
1514.47 1360.41 
322.71 1081.58 
1578.50 1240.64 
1423.21 1518.56 
1121.78 203.39 
592.68 632.63 
1040.00 703.13 
484.80 515.83 
1040.72 1123.69 
1703.63 1206.73 
351.63 1167.06 
799.95 372.45 
1465.55 1635.17 
1494.30 1343.29 
1471.96 1642.31 
1277.20 450.44 
825.52 1384.12 
1088.96 1717.31 
522.28 1248.26 
816.09 1176.74 
1802.06 1172.49 
454.90 1068.81 
1384.97 1685.63 
967.90 1483.87 
321.88 511.01 
1562.90 1566.24 
1514.14 1113.52 
1255.11 1669.72 
639.70 1788.36 
1551.27 530.67 
823.02 447.21 
916.58 1611.00 
638.95 1201.11 
88.05 1238.57 
1727.64 1166.54 
781.49 673.24 
1533.61 1325.66 
958.75 1176.94 
667.74 1247.64 
1669.20 588.34 
1243.64 1638.16 
1493.07 1300.45 
1176.17 461.07 
399.52 591.48 
1409.58 1822.42 
1053.22 1321.43 
1211.31 1110.25 
1806.11 692.70 
870.41 478.74 
1293.96 1614.58 
1319.75 662.67 
1051.18 1468.13 
601.92 1238.75 
133.88 906.39 
480.01 593.52 
530.00 1535.11 
1686.60 859.22 
436.94 636.04 
1060.70 474.69 
1080.48 238.65 
974.30 468.30 
1114.58 1901.11 
1481.34 332.39 
354.37 513.12 
760.17 1893.72 
1035.38 397.08 
933.57 1628.78 
1101.45 1508.69 
1555.35 755.75 
1052.69 1647.23 
1466.68 1509.84 
869.83 1444.61 
992.10 1620.43 
328.34 692.22 
1262.66 491.80 
656.59 599.57 
1384.14 1466.53 
597.43 809.51 
674.32 1581.28 
688.91 257.71 
960.20 1506.34 
1030.91 1660.68 
664.39 413.49 
443.59 1545.96 
725.71 259.86 
1086.81 869.54 
1064.38 217.34 
1371.21 532.38 
1402.30 180.49 
217.49 826.51 
298.92 870.41 
1554.28 334.96 
135.60 1231.26 
1585.21 1515.65 
1387.79 1631.41 
1054.70 721.17 
942.46 1253.55 
904.03 1292.31 
183.43 627.91 
1740.01 766.19 
789.65 628.72 
1637.15 1231.04 
761.44 1317.89 
258.30 982.48 
1844.64 1410.92 
602.22 250.79 
1176.09 291.37 
1047.14 1765.15 
1001.10 1517.56 
1069.10 342.44 
204.81 1177.26 
566.04 861.69 
482.50 1187.32 
1090.74 2005.94 
1515.08 1286.18 
263.84 1129.54 
730.73 1714.88 
616.29 1561.10 
427.22 411.76 
1780.81 1216.83 
1529.92 1618.51 
1461.11 1707.28 
1166.25 426.55 
1367.16 435.38 
804.52 1556.99 
613.12 511.55 
493.09 1319.38 
1223.01 151.42 
1285.65 1409.52 
1095.60 260.52 
1365.24 1226.44 
1464.49 1715.77 
937.77 1376.90 
1545.62 1557.52 
865.82 1663.98 
1477.10 324.36 
715.06 858.38 
849.07 1755.33 
1588.34 277.15 
975.24 1780.35 
166.46 1139.13 
1717.13 1228.02 
861.13 214.02 
210.79 568.70 
873.80 484.75 
1684.05 1371.33 
619.00 452.89 
710.03 1366.25 
946.00 1831.45 
1374.20 467.11 
849.15 1646.22 
1337.83 688.84 
1754.35 917.86 
1329.94 1763.82 
533.73 901.31 
694.83 1349.80 
1097.78 1865.40 
1602.55 1631.38 
1682.71 999.50 
1080.98 922.03 
1000.00 128.51 
1253.83 742.38 
1524.79 1501.46 
1510.85 1180.76 
847.44 1127.61 
1469.12 1017.11 
961.67 1672.13 
529.44 906.24 
1634.57 631.94 
1010.04 1484.82 
818.72 1587.97 
1163.63 1618.00 
1438.41 1686.72 
1270.50 321.17 
306.68 1220.65 
1217.57 1208.25 
670.91 235.98 
924.12 1288.40 
737.46 696.49 
397.51 1538.40 
588.44 1449.43 
486.69 440.74 
1492.04 910.35 
607.40 1361.17 
1561.06 1361.79 
379.92 1252.68 
234.34 508.01 
1100.23 1647.58 
851.48 628.03 
1094.56 1725.99 
598.68 1418.37 
1714.31 1583.66 
533.13 651.21 
826.74 1119.49 
1219.60 1613.05 
1167.86 267.22 
602.92 1272.70 
1039.43 1622.12 
1752.01 1463.77 
1477.42 1253.38 
1773.52 646.38 
1211.50 386.94 
506.28 1234.83 
1301.16 806.24 
1225.49 1563.47 
1284.59 1859.66 
553.19 653.86 
1782.86 884.31 
850.46 109.36 
1205.34 248.31 
1349.06 1783.19 
463.52 910.56 
387.37 253.30 
521.10 555.29 
792.71 385.90 
545.54 745.53 
1314.38 382.04 
194.33 1174.13 
1069.77 613.87 
697.81 1220.42 
1343.91 1840.14 
1379.31 658.98 
911.87 780.11 
1572.86 703.81 
345.65 1599.78 
1267.83 1816.43 
160.17 1016.89 
897.46 172.57 
404.18 513.38 
776.86 1280.20 
1035.57 1378.33 
532.76 1767.48 
1411.54 1739.72 
760.06 1364.69 
568.60 406.20 
1463.24 468.71 
786.30 1499.76 
1807.97 745.20 
1092.62 1793.00 
378.20 575.52 
1115.21 842.51 
1557.59 1269.47 
1436.84 1362.89 
729.56 1173.64 
1257.39 706.36 
750.74 1725.32 
365.07 471.67 
1418.35 1299.64 
717.57 1538.27 
138.80 669.41 
1177.14 1215.67 
429.27 1586.02 
794.53 709.14 
1058.12 975.24 
385.22 493.03 
878.95 1070.54 
1520.32 1701.83 
436.99 630.28 
672.59 1722.16 
1381.13 1370.65 
606.95 568.63 
763.92 622.40 
1350.51 706.01 
1726.54 1030.95 
1234.71 1006.10 
277.63 850.56 
1601.36 1524.76 
584.34 613.16 
456.75 650.50 
500.24 385.67 
927.08 825.43 
693.76 558.08 
310.75 806.67 
668.26 287.33 
1019.48 1361.94 
1054.95 295.08 
1801.59 1090.60 
1970.49 910.02 
1163.17 818.21 
818.55 1533.72 
1805.14 790.43 
857.59 2018.38 
318.77 842.03 
1152.64 246.26 
1358.33 1229.01 
437.18 1749.02 
1491.47 445.68 
565.51 855.00 
1546.24 497.47 
630.40 319.06 
503.03 782.16 
1114.77 641.64 
841.68 446.17 
1297.83 1538.79 
538.33 448.19 
303.99 865.39 
1189.94 480.88 
1824.36 915.26 
596.94 799.21 
778.82 546.88 
418.08 611.00 
397.26 1359.75 
492.02 1492.64 
1500.92 930.50 
1653.11 1319.67 
884.12 1461.38 
818.38 632.26 
557.09 1513.68 
696.50 435.42 
1693.40 1414.87 
1423.42 1640.61 
417.84 752.47 
1302.79 1253.10 
724.27 301.88 
634.25 834.44 
1781.64 1470.11 
590.27 1585.80 
739.65 1115.71 
1283.04 983.46 
310.80 481.41 
854.08 1832.06 
330.33 496.60 
873.37 730.28 
349.23 1475.02 
227.58 964.43 
904.91 922.37 
576.49 1061.54 
1541.63 1098.89 
578.08 1356.77 
1314.33 592.18 
336.71 609.14 
824.92 542.68 
666.31 1429.73 
473.49 668.95 
1595.76 392.12 
484.96 819.66 
1041.23 1894.42 
686.17 583.50 
571.15 287.54 
643.60 1546.80 
594.54 1297.29 
945.27 1391.84 
1799.72 1408.81 
351.88 954.95 
662.42 275.14 
1023.21 428.67 
466.88 420.34 
1659.64 1608.24 
582.09 1702.97 
1121.94 710.54 
1358.33 249.13 
221.80 968.64 
1418.38 538.83 
745.12 1471.16 
1264.89 1100.49 
950.34 1419.95 
1146.98 422.54 
1390.55 909.08 
788.67 1424.67 
1108.49 385.16 
796.20 1431.06 
219.74 887.56 
727.76 889.30 
97.21 1305.92 
1490.38 1662.02 
213.20 1166.67 
1765.04 1342.20 
205.37 648.28 
922.67 1631.28 
644.56 374.25 
472.84 1085.50 
893.34 1233.12 
1531.81 555.93 
563.89 597.49 
1529.17 869.23 
649.90 654.74 
614.73 956.12 
1168.10 1035.73 
1459.29 1305.43 
1792.14 1152.01 
1305.15 1135.54 
698.07 1177.31 
959.29 342.24 
1482.39 917.18 
1152.04 1624.13 
556.47 593.61 
1424.54 1250.10 
938.82 1448.73 
852.15 1318.00 
1044.19 247.06 
961.27 1408.31 
1027.76 642.32 
1842.65 1123.21 
1326.63 350.13 
554.10 184.53 
197.13 807.67 
1230.67 1134.95 
377.37 853.97 
997.63 1259.73 
1490.39 1167.59 
875.52 1685.90 
80.11 1162.12 
1485.17 1753.41 
787.16 510.26 
1282.14 1505.70 
651.80 950.30 
741.53 322.45 
834.51 1746.39 
863.26 283.86 
387.41 707.44 
1674.94 1326.53 
706.32 446.31 
1215.90 1731.53 
473.68 1381.00 
1761.12 710.20 
1772.45 744.41 
347.26 498.69 
1328.73 1694.89 
1199.79 446.61 
660.78 1694.49 
695.00 1730.14 
696.75 1065.77 
545.61 1455.69 
439.94 442.14 
626.41 643.80 
1060.92 667.46 
1308.92 1707.75 
1278.38 1309.34 
701.06 1223.85 
1348.21 1211.43 
1770.73 1560.03 
727.52 1462.72 
1037.86 863.76 
614.00 1085.45 
632.03 1578.29 
300.88 1079.12 
1587.45 1180.04 
376.93 1501.97 
1490.13 1743.94 
986.36 410.63 
1964.05 1096.03 
1568.67 356.24 
863.03 1407.04 
349.99 1352.40 
1843.82 1485.97 
1184.00 442.36 
399.09 1193.95 
401.05 1619.92 
702.66 1772.30 
1077.13 1715.16 
717.44 1011.13 
1680.90 1134.19 
866.16 1773.96 
619.22 640.70 
825.14 1547.71 
418.47 1016.41 
712.83 383.19 
824.97 425.66 
514.73 1140.21 
181.57 598.66 
1708.49 1598.02 
1723.50 559.49 
1363.24 1605.51 
1231.08 448.67 
914.76 1518.68 
1067.38 1348.59 
1216.67 1250.72 
490.86 687.84 
1450.99 1024.52 
1459.07 947.32 
1359.50 447.26 
1001.71 1593.98 
1589.02 1131.27 
1024.85 229.85 
1219.76 865.04 
1174.81 1650.83 
867.99 133.24 
1605.06 1475.22 
900.33 604.42 
1412.75 1657.91 
746.78 1326.40 
944.22 1660.22 
1040.15 1526.25 
1369.00 1547.04 
1624.71 1474.16 
1437.81 1367.85 
1774.43 546.75 
1136.99 224.74 
1050.26 325.23 
1203.96 758.51 
1282.80 233.31 
606.81 185.18 
1588.59 964.56 
1220.63 1605.63 
621.53 380.09 
998.93 308.00 
1292.58 626.26 
1129.21 1673.24 
1327.26 207.01 
1180.38 367.92 
537.31 595.51 
1803.78 747.17 
1037.01 447.99 
446.24 1601.44 
1996.47 1110.16 
1305.38 255.70 
1346.80 1315.17 
196.33 1434.90 
287.72 1468.60 
1163.99 166.76 
767.08 494.56 
392.06 1521.01 
837.30 1184.77 
1002.78 1700.55 
1135.19 1567.76 
1543.87 1720.85 
1683.41 1264.81 
1692.41 1203.32 
608.30 331.86 
1061.88 1337.00 
595.15 1504.83 
1306.23 1789.58 
461.45 782.43 
1441.74 1323.60 
273.76 882.58 
609.17 890.96 
1314.75 755.63 
1193.51 310.94 
1031.61 129.11 
418.01 424.74 
793.03 431.50 
96.33 1098.01 
1421.29 627.46 
904.37 690.49 
1920.95 927.53 
1979.05 1188.45 
1504.39 1914.35 
1676.08 1076.46 
815.91 331.39 
1579.74 452.16 
1166.72 1487.34 
1046.44 1320.74 
656.77 1178.40 
1116.93 98.52 
318.18 1200.33 
423.08 472.36 
698.04 684.74 
790.20 1664.89 
1837.50 1551.52 
1532.22 1377.65 
659.30 468.34 
556.97 991.06 
1319.52 1653.86 
724.46 127.95 
1400.83 651.88 
828.80 756.33 
642.95 396.47 
1335.16 1358.40 
1020.61 1571.27 
742.25 1119.28 
1263.19 1745.99 
202.40 1090.72 
1431.56 1221.20 
479.93 1305.45 
784.01 1603.69 
782.68 231.37 
1801.98 1346.13 
1018.00 1177.51 
301.05 328.79 
1707.02 653.45 
1665.52 514.55 
635.92 269.44 
1539.77 1738.19 
858.23 1320.41 
1327.65 1415.13 
664.59 1052.65 
1943.86 1356.07 
240.22 705.84 
1947.53 1262.96 
1207.51 128.45 
1503.00 1233.60 
160.78 689.49 
1017.18 512.72 
1033.93 1002.85 
1892.04 608.50 
1915.51 1329.01 
743.95 399.80 
1285.52 341.48 
827.37 169.73 
1018.13 367.98 
692.08 912.45 
1123.15 1639.41 
797.65 1289.25 
1524.67 1548.37 
1081.54 1830.05 
931.15 564.47 
1014.01 1648.71 
1164.56 2014.99 
1897.00 911.02 
1888.87 883.00 
646.14 910.56 
872.16 167.33 
574.22 613.61 
1827.18 1287.78 
343.01 1396.17 
1613.99 938.89 
1017.37 371.15 
841.50 1400.47 
952.77 421.59 
1135.04 1174.98 
806.57 1233.14 
210.85 904.68 
1436.77 1853.30 
395.58 1268.25 
1650.00 359.84 
1300.38 249.35 
1002.02 1201.00 
943.17 1835.79 
1698.00 730.04 
1062.07 1880.47 
1272.78 415.41 
982.29 1523.37 
555.64 328.16 
191.81 885.19 
1057.00 1931.57 
1384.73 837.47 
600.85 1223.92 
1643.30 864.20 
892.35 1716.61 
605.54 628.46 
306.25 542.38 
416.20 218.40 
951.73 1754.62 
412.49 849.00 
276.79 549.59 
189.19 1153.30 
692.52 178.09 
1182.71 753.24 
697.16 1069.62 
433.00 301.81 
492.25 929.64 
178.59 1075.80 
1486.22 1440.33 
1320.76 1859.57 
710.86 1686.63 
1650.74 1052.56 
1309.51 1405.64 
937.21 568.62 
1985.29 899.80 
1134.25 655.00 
547.20 389.44 
433.98 1051.77 
568.02 232.02 
205.00 949.01 
1484.40 1540.69 
1182.74 684.58 
579.21 956.00 
768.23 221.58 
666.57 923.56 
1187.51 1283.46 
1355.64 1848.34 
228.09 569.97 
1544.18 1729.38 
520.80 566.17 
1209.31 1391.09 
324.19 351.46 
1242.54 727.59 
489.82 1684.02 
1289.65 1725.45 
1360.61 1159.21 
849.21 372.44 
1166.25 1786.25 
103.23 753.57 
1721.18 484.62 
1920.00 1330.82 
1487.75 1581.59 
279.43 1371.20 
530.79 325.41 
331.89 687.81 
1074.45 418.24 
988.92 1399.00 
1323.41 1188.54 
1880.57 1368.51 
506.52 1287.44 
337.04 1319.04 
1609.50 1203.48 
935.19 1736.65 
1488.39 836.48 
1482.02 1435.60 
1458.70 830.25 
1284.62 1993.20 
545.00 840.72 
983.82 1700.00 
1061.02 355.00 
1436.45 554.02 
1334.42 1734.64 
1427.64 1113.25 
1039.41 273.54 
1893.18 1100.59 
1613.91 423.79 
1421.77 1869.60 
1202.62 458.20 
959.00 164.81 
480.78 1834.79 
372.50 1124.57 
728.41 223.80 
1404.46 107.57 
429.46 1551.46 
1171.43 214.80 
1578.50 1448.61 
871.10 608.38 
1120.46 719.47 
1695.59 731.47 
1026.04 1353.28 
1132.24 121.99 
628.00 1373.52 
581.00 495.82 
1563.83 512.42 
419.49 1430.48 
750.94 1183.52 
1001.22 623.40 
1148.23 144.19 
179.90 748.21 
628.75 1519.23 
1450.72 1067.00 
1648.80 1131.80 
509.42 259.53 
856.51 501.44 
870.96 1409.50 
48.47 940.49 
1374.46 1629.47 
1076.93 803.00 
1627.69 542.99 
518.78 1356.26 
1340.53 839.53 
1311.50 733.49 
1081.04 428.48 
1500.50 598.04 
900.28 1794.78 
950.24 244.27 
331.03 1398.52 
862.53 86.50 
1216.25 1690.22 
1926.44 925.43 
1899.20 1030.96 
1464.49 202.04 
1409.46 1278.44 
1053.54 1306.04 
1569.50 1301.41 
317.61 1426.00 
1631.05 345.46 
1003.98 178.46 
755.35 1366.00 
1309.51 1249.53 
345.50 1487.45 
1427.42 1240.48 
1416.93 735.54 
902.21 178.82 
985.06 1576.24 
767.50 1476.45 
1273.72 1514.28 
850.04 1933.47 
1377.00 1015.16 
933.67 1336.26 
1205.99 165.48 
956.19 451.78 
962.89 1178.23 
1877.47 803.47 
1067.65 1190.62 
789.28 209.78 
912.01 1545.77 
282.09 660.00 
1082.53 229.00 
686.83 614.00 
659.48 1565.46 
1446.69 132.70 
656.51 1338.55 
1255.70 1286.26 
294.47 737.22 
540.70 1182.70 
424.03 1461.00 
641.98 1802.77 
737.00 515.26 
624.32 393.32 
1859.72 1277.73 
1791.98 1016.54 
1579.02 1525.26 
1895.94 1270.49 
1497.22 1232.23 
810.99 1460.77 
1457.96 1460.00 
785.91 490.00 
681.71 823.31 
682.52 1909.47 
637.49 1803.50 
544.27 1715.33 
636.25 1106.99 
409.50 485.50 
1521.76 1214.60 
853.74 1835.73 
418.02 1726.51 
428.64 692.71 
1277.67 822.71 
485.25 763.34 
600.00 363.51 
1100.40 299.26 
155.93 1482.00 
1028.02 1294.00 
1481.25 1632.99 
1057.65 1653.73 
926.74 814.30 
1102.05 867.00 
719.29 1380.68 
350.43 1594.26 
1405.29 721.31 
924.72 965.31 
861.31 1039.40 
1422.65 804.68 
684.35 293.27 
1982.94 832.00 
294.38 997.29 
1223.37 1844.65 
1280.31 1761.29 
426.47 664.26 
1688.62 602.69 
864.00 1813.08 
142.31 1339.34 
69.00 1221.00 
871.36 220.70 
718.35 1533.29 
660.36 1324.30 
1270.67 1917.69 
1874.40 1260.29 
1431.35 1176.30 
772.27 1600.65 
1062.61 795.30 
1364.72 1315.66 
577.31 345.28 
672.96 1345.00 
412.02 934.00 
466.05 368.00 
1024.64 233.70 
515.65 1802.69 
1865.00 1537.91 
596.00 223.01 
967.67 288.33 
1243.70 1896.29 
1818.28 1564.63 
583.32 1497.63 
1480.66 1863.30 
254.05 529.00 
1110.32 181.62 
1027.70 1494.70 
648.34 1298.33 
572.33 165.64 
1300.65 162.36 
1911.65 1395.29 
496.03 890.00 
1231.32 1418.38 
1186.29 1428.37 
1149.91 471.00 
1544.01 1640.00 
530.70 912.33 
748.32 1328.72 
1755.08 1191.00 
1279.28 1382.31 
671.38 213.67 
985.00 197.03 
1110.67 281.67 
1776.68 1405.65 
1496.32 909.30 
1269.99 1221.00 
1777.34 499.69 
1434.29 1042.59 
1347.66 716.29 
531.67 637.71 
1587.36 1405.30 
249.04 707.00 
1171.00 1892.07 
693.92 1079.00 
1070.30 1795.61 
1163.66 1572.66 
1365.00 923.00 
676.32 742.70 
217.68 553.66 
1357.67 1849.64 
1419.64 1350.69 
880.32 2008.30 
1081.99 1375.00 
1660.69 1233.69 
374.37 1650.31 
604.63 1906.32 
1778.66 497.68 
106.34 1169.34 
932.69 393.62 
1871.69 1174.67 
238.00 1206.00 
106.33 1176.34 
714.34 1639.67 
215.69 1183.35 
196.32 873.64 
1796.00 1150.97 
340.00 1494.03 
1189.66 560.35 
922.98 508.00 
514.34 874.34 
1943.33 783.66 
97.00 1066.98 
976.64 911.65 
956.53 944.32 
945.29 1101.55 
794.87 600.59 
1185.13 845.42 
1445.38 904.49 
897.14 884.85 
895.27 877.74 
962.08 881.84 
960.01 1139.33 
1229.20 1084.03 
920.11 1163.23 
1199.50 875.10 
907.72 1165.62 
1436.32 1177.23 
840.51 1162.46 
1129.13 933.93 
586.55 835.66 
1225.64 1172.14 
1083.93 652.04 
1161.30 841.74 
1490.63 1068.74 
728.39 1144.42 
775.84 1346.10 
1170.78 815.57 
911.04 980.40 
926.97 1381.78 
743.47 1099.74 
1219.58 678.31 
742.82 1259.69 
1575.89 938.05 
612.10 995.37 
858.69 1379.25 
522.92 980.46 
523.14 1087.95 
1465.27 969.27 
1244.03 1396.83 
1129.67 1109.85 
935.80 1277.34 
1011.82 1113.65 
915.26 1251.10 
515.10 1046.51 
1145.53 1486.24 
1152.90 1026.19 
1109.96 709.51 
1077.11 1461.18 
1539.24 1125.69 
674.34 852.55 
1060.24 721.32 
625.99 1050.38 
635.48 908.83 
994.59 499.61 
1220.06 1349.59 
1236.24 1400.83 
1363.28 1169.19 
1153.52 912.20 
1117.93 495.67 
971.73 574.30 
1138.44 662.32 
925.20 494.19 
830.08 670.36 
1167.28 614.45 
1174.31 617.63 
805.52 957.93 
1333.03 1180.90 
1335.68 1322.25 
1241.87 1242.90 
1209.21 777.82 
1008.67 838.08 
1516.24 1212.80 
1242.62 1286.94 
1342.99 691.61 
902.54 566.76 
1252.62 1453.38 
955.62 1485.97 
1074.51 827.16 
758.73 949.04 
903.26 585.65 
742.74 670.26 
1328.55 660.66 
1084.79 1371.48 
751.66 984.47 
1381.49 1311.73 
1038.93 1541.89 
1161.57 1539.54 
830.34 1298.34 
732.61 1235.62 
827.87 873.12 
1244.82 1509.94 
1256.43 628.55 
747.42 1265.45 
974.35 1169.32 
1355.79 1095.43 
765.90 921.83 
733.84 1426.38 
661.25 1174.06 
943.64 622.34 
1157.91 528.63 
1047.34 1154.04 
568.89 918.27 
898.12 1301.06 
1412.89 713.37 
956.34 1303.38 
1416.21 1416.61 
1197.75 1548.35 
507.71 1135.74 
1061.90 1409.14 
600.20 782.21 
1065.56 849.59 
1387.69 1174.58 
723.02 1233.23 
655.78 1263.91 
1409.81 721.52 
1033.58 458.25 
1524.49 1306.23 
1624.43 1050.64 
1508.49 1031.93 
978.20 686.25 
979.84 1354.77 
597.23 632.43 
1301.99 1308.10 
1003.43 1247.11 
910.46 681.20 
1427.59 744.00 
906.20 620.89 
959.10 487.50 
1151.22 1360.76 
1483.39 1341.39 
719.00 696.95 
1130.56 1445.21 
730.20 736.19 
1296.17 957.05 
1343.41 1369.16 
1083.67 1483.31 
1051.54 819.32 
1024.00 1488.61 
1469.62 704.49 
832.30 1511.88 
1128.94 577.62 
529.59 1129.32 
1161.81 572.38 
637.08 890.59 
955.90 540.13 
1156.43 772.11 
1510.08 1185.26 
1159.14 869.65 
587.51 1467.51 
1084.74 1300.91 
1043.65 720.40 
1349.02 812.77 
1277.65 1260.81 
814.30 1141.06 
816.79 584.77 
756.50 754.70 
950.95 1274.17 
1614.10 1333.96 
1182.58 1407.45 
401.16 1074.00 
870.29 706.57 
777.28 686.38 
1109.54 1122.03 
295.10 924.07 
1122.53 612.90 
858.72 621.67 
531.09 809.31 
597.08 965.35 
1009.07 1436.63 
627.76 1349.02 
747.84 1478.79 
1314.28 629.65 
820.39 1456.54 
621.41 1462.67 
1458.47 1203.92 
1398.32 682.54 
1398.68 1363.92 
1538.55 702.88 
839.68 1078.88 
588.38 622.17 
610.72 952.37 
1124.28 1645.79 
686.50 652.34 
931.21 537.27 
1039.78 576.69 
1277.64 654.92 
893.79 447.08 
1638.79 733.45 
1011.15 611.12 
1147.83 1183.53 
413.48 1158.36 
910.56 1473.72 
1174.75 938.15 
766.47 770.91 
940.47 1189.68 
901.44 1514.65 
574.65 1413.58 
1186.60 1031.40 
1208.33 1058.28 
653.02 606.30 
1246.44 1198.02 
1214.00 904.83 
1603.94 868.27 
1174.35 1219.07 
903.99 813.67 
1263.08 898.30 
855.27 1191.97 
835.33 775.84 
790.46 1376.65 
1055.23 1221.70 
1176.52 1297.51 
619.30 1141.53 
1327.11 1356.33 
1439.99 1087.76 
684.79 851.72 
1408.74 1331.43 
1481.75 1130.81 
1152.25 1324.24 
970.13 785.22 
1197.04 1323.61 
970.32 1539.39 
691.47 1313.76 
559.76 1382.88 
544.95 1159.50 
608.04 1321.64 
1287.98 700.50 
880.38 848.40 
928.10 1623.55 
625.57 778.94 
774.65 547.61 
467.86 1371.93 
956.97 1045.54 
1277.65 810.13 
1227.20 676.52 
1285.90 736.67 
1067.33 514.31 
853.68 1154.90 
1157.87 453.74 
987.75 604.96 
575.96 704.48 
700.10 369.14 
1410.66 1088.25 
1269.15 433.45 
633.65 1172.67 
779.99 1018.01 
1107.82 1567.85 
700.71 1249.85 
1430.31 873.94 
1642.16 909.57 
1338.06 1433.99 
536.48 761.39 
524.60 874.88 
1108.84 1531.62 
1307.38 606.72 
1454.71 1358.97 
726.05 1601.26 
753.98 1081.84 
967.44 1170.44 
490.29 1332.48 
1413.87 844.24 
872.44 486.69 
1299.30 520.00 
423.96 728.81 
695.65 460.40 
1178.55 1617.49 
719.71 959.95 
1233.86 709.13 
369.86 1124.47 
648.68 1376.15 
1129.82 1433.93 
1450.25 1050.88 
1314.60 1295.57 
604.68 829.99 
1388.50 695.19 
1036.96 789.00 
1234.32 1078.68 
887.88 750.21 
1305.80 1427.01 
1052.62 1471.22 
592.41 734.68 
532.89 1217.66 
683.84 1545.81 
736.73 954.61 
628.26 1607.98 
1002.31 909.66 
1593.95 680.55 
1002.94 410.65 
825.26 1344.29 
772.86 1159.37 
1695.25 1382.66 
788.87 526.94 
1139.67 755.80 
826.99 1012.89 
1291.55 1472.02 
868.00 305.90 
1326.79 1317.96 
465.39 670.56 
1130.68 1334.21 
974.63 1440.25 
574.72 843.14 
1484.38 735.41 
1212.73 1151.85 
451.26 1286.51 
1411.99 1444.65 
1063.98 1344.89 
1248.53 854.80 
1516.66 676.64 
1384.44 1396.54 
584.43 1015.18 
1855.23 1175.75 
1020.44 1516.01 
1319.94 1520.98 
1356.77 722.48 
557.88 1080.53 
1404.49 942.52 
706.63 1343.96 
761.91 1510.14 
1310.77 1386.77 
1110.53 1308.09 
1067.08 898.17 
1039.45 562.89 
1176.32 604.06 
772.94 671.30 
725.68 886.85 
1661.38 760.36 
387.36 683.23 
1378.41 1475.29 
1488.05 1159.69 
1320.05 1639.42 
712.26 496.97 
932.51 405.26 
1106.62 549.14 
1564.51 1467.07 
1442.61 1168.68 
362.41 1217.96 
999.38 1649.09 
1177.06 1521.15 
901.11 1136.70 
1142.65 853.39 
681.46 621.11 
1389.30 912.05 
1147.90 440.44 
1092.29 1513.93 
667.72 1084.92 
1440.67 673.31 
955.32 754.74 
1396.53 1036.12 
1330.77 696.76 
1208.08 651.19 
1204.23 1298.93 
758.20 1129.54 
1015.22 767.15 
472.40 906.99 
1446.12 1162.65 
1616.10 707.12 
719.94 1395.37 
1258.37 701.54 
1614.51 1170.39 
1224.74 668.07 
568.79 1250.32 
1368.22 1599.85 
1436.83 1306.47 
371.42 1185.60 
628.93 945.64 
1211.51 1164.02 
1269.26 881.51 
1433.63 1267.57 
963.98 452.95 
751.10 434.20 
501.32 1227.82 
577.15 637.50 
1598.40 1030.02 
675.60 1290.60 
976.78 1329.75 
452.34 1341.06 
1615.52 1240.67 
1548.07 1007.44 
1259.15 638.80 
1541.21 790.42 
862.10 399.28 
448.80 999.26 
1559.72 1351.96 
948.72 1153.74 
761.10 1532.63 
1365.66 1482.85 
1267.22 1223.99 
1511.55 1353.76 
1072.60 689.66 
999.56 525.85 
997.38 1355.57 
762.84 1295.33 
590.60 1250.84 
1341.63 1143.50 
1404.37 691.47 
1676.53 1432.62 
1417.15 1607.63 
865.81 1397.20 
1543.75 539.36 
1591.42 1424.24 
923.61 637.97 
1440.59 642.19 
1485.63 1250.15 
1027.53 475.94 
1281.41 927.23 
1617.12 766.65 
1591.64 1259.33 
1447.20 1018.01 
1348.97 1763.50 
1617.80 1148.26 
1350.21 949.75 
642.60 1146.77 
1666.89 1172.48 
984.56 1593.87 
1472.75 1411.39 
560.45 1189.71 
1387.15 1510.90 
872.82 1430.80 
812.35 1233.63 
1656.73 1133.30 
1024.48 545.70 
643.11 395.11 
925.99 1391.78 
1228.49 934.16 
357.76 1328.62 
540.74 659.20 
314.63 861.47 
600.15 1435.18 
1337.26 557.18 
728.67 826.98 
1462.36 699.33 
1155.18 1609.25 
1384.34 783.95 
447.47 673.59 
1499.00 766.34 
1620.07 1449.86 
1536.81 1324.13 
886.46 534.32 
1352.56 495.80 
1195.82 566.24 
1411.59 1241.15 
1100.89 626.06 
802.55 497.60 
1073.06 416.35 
1422.36 808.45 
1887.60 1061.83 
907.73 1375.35 
216.31 833.07 
941.23 654.57 
789.74 928.84 
429.38 1534.47 
1534.24 1263.69 
1128.42 406.47 
1053.41 1597.39 
1753.39 745.37 
1424.14 907.55 
1089.50 706.28 
864.33 606.11 
1327.55 1746.63 
511.19 1488.41 
564.41 1288.41 
381.15 796.43 
1298.59 836.21 
947.01 1677.13 
703.37 274.29 
1348.33 1572.08 
472.13 1010.20 
1433.77 1472.50 
1162.55 1560.62 
916.96 449.31 
641.78 1490.43 
1291.67 430.76 
845.56 1370.87 
1345.69 1054.44 
728.54 1069.89 
1140.50 583.71 
789.83 391.82 
1194.99 747.75 
729.70 507.97 
1136.73 643.87 
416.36 1478.47 
1038.17 414.02 
1420.66 408.12 
1645.32 568.81 
784.46 482.00 
1374.68 1010.73 
900.75 356.46 
1366.61 668.71 
603.56 1112.67 
1784.31 731.26 
862.35 1509.77 
1359.79 1258.33 
1462.77 668.88 
340.91 1121.51 
1670.86 1222.03 
243.53 427.01 
779.38 1402.88 
623.13 845.67 
454.73 1146.23 
461.30 937.37 
525.61 538.76 
1045.88 159.08 
537.84 1575.40 
695.91 706.71 
1251.96 391.81 
535.65 1375.04 
929.51 1646.34 
1899.77 1286.44 
1049.23 647.89 
1654.00 1273.66 
679.22 1379.22 
1282.24 1605.80 
1032.51 1327.27 
1313.94 1487.47 
930.18 1499.55 
794.98 703.13 
515.46 1347.56 
660.84 411.78 
922.48 1195.08 
1140.03 815.52 
1238.34 217.81 
1544.47 1049.62 
1384.52 651.32 
776.13 964.85 
1169.07 363.01 
734.50 418.35 
1081.09 756.32 
1456.49 433.53 
336.64 1208.06 
1234.29 1766.95 
1114.43 1382.42 
888.74 603.81 
652.70 671.19 
537.79 1011.27 
618.86 496.68 
335.81 921.96 
1587.68 1194.28 
149.86 881.69 
1241.84 684.79 
837.91 825.85 
684.16 547.40 
900.11 1869.94 
758.67 1375.90 
496.43 818.85 
1086.55 1765.40 
1017.49 1278.30 
1480.74 886.98 
341.18 842.60 
808.91 1229.32 
1213.11 443.60 
1108.75 264.02 
895.62 1224.63 
464.05 762.11 
1069.60 1675.69 
980.06 268.51 
586.63 1266.50 
751.06 826.50 
1205.26 1146.10 
1786.88 1160.38 
109.77 724.46 
427.87 585.61 
633.10 420.53 
1307.47 763.72 
1076.55 1520.69 
634.98 762.51 
329.72 599.01 
907.84 1449.86 
1539.21 866.28 
1470.56 466.55 
420.66 1373.97 
1093.13 455.64 
1063.47 1310.46 
345.62 742.32 
427.63 624.28 
1123.64 566.40 
1460.91 1314.40 
549.91 992.14 
1492.92 1301.51 
915.33 1590.77 
1418.66 1256.37 
352.93 1021.03 
775.31 1564.14 
1507.61 1276.41 
860.93 1045.56 
300.16 1078.69 
1327.26 544.23 
977.43 730.92 
515.28 721.62 
1702.86 1177.18 
616.16 746.11 
328.51 416.85 
1611.40 1311.62 
1528.21 577.30 
457.08 1193.00 
1310.93 280.10 
550.65 1170.16 
1107.53 1604.96 
1696.44 942.82 
1077.84 600.14 
872.81 1700.24 
718.29 818.58 
1039.27 1563.11 
1063.13 1455.97 
1196.07 1697.40 
1557.62 640.66 
1271.74 1560.03 
1100.33 1570.74 
550.95 1233.84 
718.04 1265.52 
812.20 1738.17 
845.71 1566.09 
793.08 981.11 
1036.49 258.02 
1635.09 1221.91 
718.50 1443.98 
1602.45 735.15 
833.06 560.65 
818.39 1479.64 
321.46 832.71 
1018.13 1381.49 
1540.22 1141.90 
430.93 424.97 
1373.40 882.42 
1288.13 1437.85 
618.78 560.04 
678.36 925.61 
1201.67 531.85 
1175.55 1637.74 
1551.97 979.43 
1336.38 519.56 
483.22 1402.80 
1800.60 1286.41 
410.01 888.82 
1218.03 1461.53 
526.10 882.91 
900.06 436.62 
835.28 598.12 
1324.79 1028.65 
883.34 1270.88 
1649.30 1103.33 
1199.14 417.09 
242.23 741.05 
853.94 1474.06 
972.98 1925.45 
1270.07 1751.12 
1462.67 1522.06 
799.92 1429.54 
1168.82 770.22 
1166.02 1009.13 
1599.43 845.61 
1752.30 849.95 
1533.77 1600.75 
1340.04 1548.72 
1301.19 731.38 
1765.94 1466.58 
1327.98 634.63 
517.21 774.30 
421.69 1066.75 
1697.29 889.26 
841.88 653.88 
1458.65 1218.12 
1674.37 1327.95 
1291.81 1864.25 
1489.95 1013.92 
739.91 446.56 
1345.00 405.90 
341.93 980.48 
637.00 584.58 
1289.91 1359.40 
886.70 1423.88 
1224.51 1675.35 
1359.07 341.08 
844.23 1679.74 
1371.98 1164.31 
460.54 774.23 
868.28 1312.34 
273.13 720.70 
1158.76 1503.70 
1778.57 1390.19 
1228.28 73.36 
1539.14 211.78 
762.63 554.78 
384.92 1415.95 
1014.72 1729.77 
1078.49 452.89 
728.08 584.06 
1126.08 1278.04 
884.55 345.76 
403.96 967.29 
567.25 1006.85 
1171.64 1498.98 
435.84 441.36 
1694.51 670.92 
1740.95 1036.00 
1004.08 1231.39 
1311.16 933.71 
1591.55 968.28 
841.14 1482.89 
664.96 723.00 
1807.42 776.99 
909.88 742.35 
325.43 1265.75 
459.51 837.63 
1727.40 1298.71 
855.16 488.19 
712.67 796.42 
1516.81 1505.32 
544.25 1352.57 
1452.97 1525.15 
787.94 1642.58 
575.66 1220.23 
681.09 753.39 
828.92 349.60 
1653.59 450.09 
1382.95 1718.28 
708.26 580.77 
1296.47 245.39 
845.07 535.49 
613.13 929.03 
1184.11 396.40 
1820.52 863.68 
1725.94 735.63 
1440.59 524.03 
893.13 1136.27 
662.04 1446.33 
1078.45 536.27 
1017.90 1588.85 
547.55 705.65 
1582.37 1088.07 
508.32 1348.65 
1218.53 1048.66 
866.17 1015.86 
961.30 1215.32 
1341.97 1557.08 
1379.23 1454.56 
1542.58 609.29 
738.65 1348.96 
1818.01 589.61 
1808.64 939.82 
132.64 897.12 
802.38 277.19 
1043.17 1429.74 
1290.16 907.55 
1552.27 1483.44 
633.60 657.75 
1183.65 1553.92 
1956.13 933.59 
1060.91 1570.44 
823.11 440.92 
996.09 1603.89 
1304.54 366.88 
1380.15 612.25 
1278.38 1702.27 
741.11 578.02 
583.37 512.74 
504.39 870.86 
1773.71 988.13 
1649.98 574.36 
1286.36 1561.17 
267.01 944.20 
851.72 920.79 
1369.85 620.12 
1264.68 1424.09 
456.20 1623.04 
646.75 444.90 
764.49 1287.85 
805.13 1317.42 
646.27 300.99 
176.13 787.63 
839.55 383.60 
1067.07 362.28 
1013.56 1706.49 
542.05 295.34 
103.95 1125.87 
607.24 345.91 
674.80 393.91 
265.79 554.72 
1585.01 1286.60 
1186.81 478.77 
1668.89 1011.80 
327.29 619.84 
464.88 1100.36 
1572.77 1539.11 
915.29 524.17 
1156.30 785.20 
1082.81 324.25 
1105.98 722.89 
471.34 1314.81 
830.29 447.04 
1479.81 786.95 
776.12 1525.53 
885.70 1809.10 
1235.47 1894.98 
865.38 777.41 
674.79 611.21 
1086.05 1215.85 
1607.08 958.10 
719.17 1346.92 
1792.10 1301.28 
811.05 631.85 
1458.89 1406.71 
1708.41 1483.87 
990.03 531.07 
885.02 1559.65 
1232.32 1589.61 
916.51 372.07 
1319.58 502.09 
782.01 1045.42 
1151.31 1471.58 
1796.18 1110.30 
1088.33 448.93 
1630.22 983.80 
1225.48 285.78 
382.79 787.95 
640.43 1664.73 
1521.65 1625.87 
1539.11 765.21 
1512.45 1389.79 
244.26 632.96 
681.73 327.62 
795.15 1217.92 
665.12 534.08 
1562.97 1166.69 
676.13 1477.39 
1406.35 471.30 
1015.78 1493.50 
1463.85 1488.62 
1681.23 1057.95 
406.00 571.87 
1226.96 476.88 
784.48 706.14 
706.06 175.48 
1460.52 933.54 
1662.23 1013.41 
864.33 1533.64 
1397.73 444.82 
831.95 1533.32 
1141.13 1727.20 
671.49 1380.27 
1130.49 271.20 
281.18 786.90 
1313.96 679.84 
1122.24 1044.21 
1295.10 1235.66 
1672.94 1129.46 
1370.41 753.07 
1385.24 1195.23 
664.36 695.93 
1361.95 1635.79 
826.54 1842.96 
859.52 670.67 
436.17 1310.51 
1477.70 1627.81 
1852.40 1282.60 
1155.34 130.80 
47.17 1106.34 
514.57 1099.10 
584.86 1447.91 
1702.27 1270.58 
775.25 898.89 
1355.02 363.47 
406.22 1134.44 
789.03 702.20 
978.33 275.52 
721.20 292.07 
1191.17 634.28 
1541.24 1438.85 
1129.75 1559.82 
1068.05 308.57 
1296.73 127.40 
1441.08 1713.73 
1571.37 1369.38 
1181.49 1661.15 
245.41 1140.90 
971.57 362.39 
247.12 1181.24 
1042.56 368.30 
1123.10 1623.41 
1066.17 1592.81 
1324.23 1212.36 
972.06 152.27 
1046.39 1358.75 
1402.08 1778.95 
1455.66 1294.60 
217.82 1319.06 
842.80 903.66 
1418.94 1851.54 
1191.51 1389.38 
1295.59 1904.95 
1250.11 1109.84 
1339.50 1232.60 
1135.24 200.62 
1663.10 936.49 
656.02 1660.67 
568.98 293.82 
871.96 1490.69 
1015.06 1753.48 
1471.15 1209.96 
1396.52 1651.54 
825.41 1133.33 
829.45 1255.92 
1228.42 1742.57 
347.70 999.97 
1781.91 685.11 
835.82 1138.89 
1028.96 1422.41 
937.02 477.90 
887.32 1461.99 
642.77 816.96 
1216.17 563.52 
496.04 1320.02 
1421.75 708.23 
1105.10 1397.49 
1010.40 531.43 
1622.33 1057.15 
1579.59 1142.41 
1172.99 486.05 
1465.86 1079.74 
388.64 863.97 
509.15 949.65 
1559.30 520.51 
654.67 517.08 
690.93 778.85 
1455.69 1547.94 
645.60 679.05 
1231.31 963.38 
873.51 354.89 
1664.02 606.88 
811.05 1104.12 
1020.50 223.46 
406.60 1251.99 
118.86 1003.54 
1281.30 228.97 
255.30 878.69 
1193.37 188.69 
1589.68 1400.36 
736.40 1460.24 
650.30 1747.89 
466.39 1681.90 
1256.79 522.14 
482.22 498.83 
546.92 892.76 
1369.03 501.97 
1052.25 274.45 
788.62 633.26 
1733.62 1415.41 
559.62 1406.40 
767.04 1015.03 
1045.44 691.04 
815.67 1268.14 
775.84 330.07 
1108.64 1589.87 
1207.73 1713.02 
1009.36 1455.66 
342.92 1582.51 
1468.93 1043.36 
1482.07 473.88 
1732.12 1024.66 
1430.03 255.24 
1830.67 545.13 
384.32 482.42 
497.35 1184.29 
1405.09 1803.75 
768.42 1656.77 
1118.97 337.67 
1383.64 411.85 
976.05 1577.14 
1651.44 1420.43 
970.71 1554.75 
253.87 1161.45 
1827.89 963.58 
534.52 974.51 
480.36 470.30 
1608.73 622.22 
1098.39 357.96 
663.67 317.88 
660.93 1363.27 
1347.61 713.36 
854.62 416.14 
1311.42 389.98 
439.52 1114.86 
1640.08 416.50 
1214.70 1781.54 
693.42 483.42 
431.87 1257.89 
905.33 1471.09 
554.29 1044.02 
149.68 900.76 
954.01 1413.25 
89.39 1275.71 
546.60 464.22 
741.45 933.49 
1419.38 1631.72 
391.45 485.13 
1340.79 216.26 
604.13 1302.70 
1796.68 835.73 
740.41 1780.37 
889.81 499.19 
799.74 201.68 
1302.39 484.75 
1654.96 1010.63 
1055.72 672.79 
1046.66 1955.29 
1359.61 583.73 
1167.03 1053.78 
1471.20 836.07 
411.31 407.60 
1200.25 1027.12 
940.86 1433.77 
1195.32 303.19 
682.59 1597.67 
1285.23 466.89 
1269.91 1331.32 
801.55 1698.94 
1066.56 1736.36 
1397.97 1551.27 
1469.19 587.70 
740.46 626.21 
549.23 1655.50 
1123.00 739.29 
1455.05 673.52 
1135.64 1580.52 
557.30 620.46 
396.55 715.22 
1475.45 1355.58 
1131.61 528.09 
1799.22 810.79 
906.26 1586.81 
431.46 1518.70 
774.74 1586.62 
279.21 660.01 
723.53 1666.19 
934.30 1388.20 
346.36 765.35 
986.31 437.36 
899.39 1573.48 
1441.35 1001.38 
1251.29 1649.97 
767.24 395.42 
526.37 1520.28 
1593.91 1123.17 
297.68 1397.37 
1388.41 1488.20 
470.52 474.87 
1198.31 1458.12 
1705.88 1082.83 
1208.29 205.77 
1892.35 978.35 
1480.59 408.85 
482.08 1200.42 
899.61 657.95 
471.05 380.47 
507.69 522.62 
742.68 229.62 
1292.82 1588.33 
550.32 1631.71 
580.34 769.35 
389.84 1392.58 
929.60 1638.01 
1111.75 1672.63 
761.45 1315.53 
972.60 513.21 
297.34 730.66 
1805.53 1363.20 
1293.59 1890.47 
878.64 1107.35 
1498.04 1686.14 
861.68 548.39 
1107.62 581.63 
622.57 1298.78 
1298.74 1610.76 
835.46 316.87 
1545.24 1070.75 
515.15 1201.25 
1425.23 1705.30 
1566.72 1726.85 
438.09 824.34 
966.31 1311.21 
1451.08 1635.54 
999.99 1571.94 
1561.10 1559.62 
420.46 1279.57 
943.59 1703.06 
913.74 1361.89 
845.00 1507.18 
1136.37 1723.38 
219.47 1128.63 
1493.64 315.42 
1311.54 1780.44 
642.39 1057.75 
1098.67 682.85 
1560.46 729.74 
590.24 257.42 
1454.38 470.27 
601.02 1520.76 
209.92 724.79 
1213.38 1756.59 
1086.24 1620.72 
1535.16 1418.02 
991.14 941.77 
1596.79 1619.73 
1070.01 1698.73 
1439.30 1688.66 
1587.06 1795.37 
1462.51 1784.12 
965.31 1304.57 
178.40 1053.21 
874.50 209.53 
338.55 1216.06 
612.80 1229.80 
1241.89 490.51 
579.90 1406.84 
531.63 1142.66 
1301.89 1100.33 
1625.19 1730.07 
1846.49 1597.23 
756.55 534.65 
675.97 1284.09 
1297.59 480.51 
774.00 1515.79 
419.61 832.80 
1410.10 1854.48 
1254.40 401.03 
245.45 785.43 
1713.78 1407.21 
1165.60 252.59 
803.72 1610.67 
587.95 1320.55 
296.69 1392.65 
1358.02 742.75 
1399.96 1355.54 
1221.72 1260.36 
1394.92 1531.50 
1551.72 1315.23 
974.96 199.91 
1016.21 647.62 
1565.58 604.82 
1803.85 1167.77 
1440.44 1493.86 
574.53 1747.39 
323.85 1090.39 
267.90 798.55 
415.50 1018.72 
168.87 1145.26 
434.76 820.21 
1504.98 628.29 
511.57 848.95 
476.34 664.03 
806.76 544.81 
810.54 1377.30 
1094.88 1537.52 
849.41 1394.01 
566.10 1431.13 
948.34 1439.93 
1500.38 1711.51 
993.82 1538.00 
1444.88 1612.57 
581.26 1110.76 
1501.61 895.73 
1386.29 168.22 
1055.17 1710.88 
1108.27 401.03 
893.20 1335.90 
1437.40 270.42 
148.85 701.08 
865.69 332.04 
965.67 267.47 
1511.32 1610.73 
1215.78 1806.50 
795.46 1542.99 
658.15 1087.97 
498.34 634.12 
1369.25 1894.61 
725.64 916.70 
999.64 1772.38 
1575.08 1560.68 
910.34 908.79 
1485.73 866.51 
1224.25 514.86 
1224.31 1599.05 
1326.04 422.94 
1311.48 163.29 
1137.31 997.24 
1005.82 1374.50 
179.60 1235.49 
445.47 734.04 
1546.71 1556.31 
1043.69 1318.82 
927.55 386.30 
550.19 520.34 
1310.41 1517.15 
1759.49 1347.89 
858.23 936.15 
632.46 678.64 
1939.17 636.17 
1055.20 496.69 
1513.56 545.82 
1748.91 962.74 
735.20 1281.83 
130.27 980.67 
727.74 1698.63 
1819.86 1233.53 
551.25 1675.56 
1213.84 188.77 
647.34 1415.15 
1899.75 1137.87 
486.92 597.14 
1313.00 459.53 
1075.62 437.74 
397.92 542.77 
791.56 192.52 
1522.23 645.84 
589.16 1082.71 
1532.38 1683.75 
1154.40 1765.64 
1510.16 1484.89 
1332.02 959.72 
542.86 981.32 
614.84 1552.94 
480.01 545.71 
1021.01 695.51 
714.57 205.48 
506.12 1071.15 
270.12 1386.49 
790.10 1396.59 
749.37 1173.44 
1541.09 1489.81 
1353.16 1405.24 
956.96 418.26 
789.86 1203.03 
460.41 1427.85 
1260.76 482.98 
819.35 745.43 
718.57 1745.03 
1234.02 1867.86 
1340.58 329.92 
1360.12 1421.73 
1195.18 1674.64 
982.77 658.85 
554.40 1400.46 
312.43 438.67 
1332.51 343.89 
580.44 1091.32 
1536.03 878.77 
1525.15 1798.07 
842.35 1646.55 
1581.89 298.69 
685.30 256.13 
1512.53 829.04 
1077.80 297.39 
652.69 1721.95 
500.62 1238.28 
1030.31 1658.46 
1725.72 1630.05 
177.25 1442.21 
1028.55 1788.96 
1654.06 1440.12 
1530.83 975.48 
1195.35 1858.84 
157.80 1410.31 
478.96 1740.40 
915.17 670.81 
1475.45 1603.86 
1336.65 716.96 
1630.82 1364.78 
819.70 1124.04 
716.32 239.17 
603.74 437.96 
958.14 338.49 
407.49 607.86 
871.91 511.29 
1703.97 1094.11 
970.00 1695.07 
894.29 1539.98 
443.43 1566.05 
525.44 1586.89 
735.25 1486.98 
1375.80 297.91 
831.63 1425.31 
1810.85 1538.51 
1883.62 517.68 
699.85 633.99 
604.42 1044.07 
1636.05 542.00 
355.18 1312.13 
580.49 392.95 
1360.11 1612.57 
1144.60 1901.45 
437.97 1166.94 
329.76 1525.01 
994.18 1385.55 
1560.39 1703.71 
1456.48 805.24 
753.86 1297.69 
489.33 491.50 
529.37 1622.86 
648.71 1202.81 
1425.31 1878.01 
535.78 735.24 
798.85 1576.21 
1102.82 463.96 
877.34 414.57 
1364.47 1075.98 
652.08 986.89 
1690.81 1576.14 
788.26 450.15 
535.31 525.41 
1544.83 487.97 
1399.27 814.43 
1267.03 193.22 
97.99 784.56 
1048.14 491.03 
1441.92 774.68 
1733.05 935.45 
1376.97 1052.46 
1168.01 1341.53 
1324.83 1500.69 
809.66 997.04 
519.19 1637.71 
1710.00 814.02 
2017.54 1035.97 
1024.96 321.70 
372.56 1419.38 
336.85 684.89 
1229.29 68.22 
510.24 320.37 
980.15 190.08 
989.52 1505.33 
1316.08 1749.68 
853.91 493.49 
1402.85 1675.36 
1273.73 669.57 
1642.34 1176.02 
1412.12 561.07 
688.43 785.24 
933.01 611.50 
768.83 351.85 
547.91 370.82 
439.97 1592.02 
1312.35 512.26 
1759.78 1399.46 
845.27 366.62 
726.94 1722.98 
1643.90 1382.23 
209.30 1473.67 
1294.90 1306.52 
735.08 727.48 
968.98 424.84 
426.04 1278.16 
1318.40 976.27 
1600.54 1473.82 
574.60 1050.96 
445.21 1073.05 
1413.91 1770.83 
269.55 1016.45 
346.99 1632.51 
1061.17 340.18 
1430.81 1359.17 
1481.70 876.20 
465.53 749.66 
1192.07 1588.67 
1626.83 992.61 
1174.48 789.07 
870.21 1220.63 
940.11 312.20 
1176.86 1901.06 
1180.32 269.05 
303.79 1296.25 
510.72 796.25 
792.79 860.87 
560.66 1713.81 
1540.16 1054.71 
1091.11 540.11 
1701.21 1580.61 
399.59 1001.99 
584.01 473.16 
1793.52 467.83 
709.96 1116.73 
506.24 1461.68 
589.88 230.08 
1417.97 1061.46 
1856.38 1012.10 
1509.99 1520.51 
994.36 1404.32 
595.08 854.98 
151.75 1167.40 
603.57 1497.07 
812.46 434.02 
788.29 1188.60 
890.15 1447.09 
1232.89 1711.68 
994.93 1747.95 
1005.31 621.71 
1386.57 1105.11 
596.00 1155.68 
1689.45 1710.59 
682.48 1233.89 
1800.78 1016.43 
1925.75 885.88 
861.89 1674.55 
1469.11 1544.15 
714.89 1411.35 
813.66 1758.04 
1223.05 808.24 
376.38 626.37 
529.41 507.35 
946.82 824.90 
570.49 1692.60 
673.28 1117.85 
1224.74 1482.10 
1325.21 1722.83 
722.86 560.47 
604.27 491.18 
1268.93 1727.49 
372.56 702.78 
555.61 542.84 
1911.83 887.20 
337.09 917.10 
1567.91 1076.54 
751.67 1841.40 
749.44 1456.58 
680.36 1262.02 
794.85 298.09 
125.41 982.19 
821.10 1627.42 
189.88 534.48 
327.16 676.26 
1583.07 623.06 
1658.04 1768.50 
1617.61 884.68 
582.64 1313.70 
1333.95 919.98 
350.28 689.03 
1180.41 717.36 
957.92 1786.08 
1295.63 663.62 
405.01 963.46 
777.62 1202.83 
828.95 1367.68 
1340.40 1836.71 
1762.06 1157.30 
529.05 431.33 
1248.18 542.72 
885.67 1356.82 
1513.66 1544.03 
1074.84 752.16 
1269.10 1507.08 
1426.03 491.88 
1834.55 1123.07 
1896.79 976.56 
671.02 1922.99 
1438.09 824.99 
1635.43 1559.74 
1203.55 1570.78 
1183.68 244.49 
1303.42 1618.39 
1560.14 1707.70 
1610.42 562.70 
1404.63 1222.38 
193.69 1474.62 
2022.66 1034.60 
1410.62 335.22 
500.47 1068.21 
729.01 288.37 
1860.09 1402.51 
1046.25 1708.14 
947.87 778.37 
1364.84 435.96 
351.10 435.26 
536.01 365.31 
1296.57 271.42 
721.07 432.32 
558.83 1123.08 
648.39 1394.01 
1620.59 509.46 
575.76 1104.79 
479.54 1059.40 
1414.24 1151.86 
1300.06 1165.73 
392.21 709.59 
1416.50 1561.47 
768.64 467.06 
1499.25 1595.71 
824.04 636.47 
1390.71 973.15 
489.29 1053.97 
122.83 1344.47 
315.72 1492.54 
1156.89 1787.26 
951.01 1668.23 
612.45 1578.45 
1783.02 1456.58 
409.97 310.52 
769.59 431.20 
586.50 421.79 
228.87 1531.35 
1408.18 986.82 
1053.73 1909.81 
907.32 1754.93 
1072.89 673.18 
1078.14 211.56 
999.57 1673.90 
1599.45 743.71 
1327.84 790.14 
702.91 465.48 
409.11 1489.29 
661.26 1516.46 
674.17 534.16 
887.13 572.66 
1306.60 1756.34 
287.46 1048.00 
1375.28 272.71 
908.12 262.65 
342.25 1188.64 
1323.00 1480.80 
489.80 397.85 
245.01 1004.93 
1119.27 1846.15 
1679.36 638.97 
617.86 570.72 
521.26 573.19 
1301.17 1931.71 
1265.41 1538.39 
1258.79 1104.14 
1675.33 1498.31 
1197.96 1434.48 
1464.58 1800.72 
1270.50 1135.29 
846.07 1327.67 
1288.88 1375.55 
761.84 1400.41 
607.00 417.48 
1837.46 999.88 
190.12 927.81 
469.11 1177.16 
390.07 577.56 
415.90 304.51 
953.51 1713.56 
1505.92 1369.52 
527.95 689.48 
1071.89 92.87 
1837.15 1217.50 
663.82 1519.84 
1364.47 1261.58 
825.10 1480.04 
912.20 139.78 
648.65 203.28 
239.84 847.89 
1427.25 1405.42 
557.14 689.17 
619.14 1529.74 
1600.25 1784.13 
788.13 1619.38 
863.83 1078.60 
1119.96 1960.49 
1550.94 1524.42 
1791.99 881.58 
1171.95 466.83 
208.59 922.25 
697.75 1320.21 
1496.91 1258.00 
1201.51 258.46 
1197.43 1622.45 
251.64 560.70 
1461.56 1774.71 
775.55 1199.56 
1674.23 861.69 
990.83 1941.00 
689.50 1114.08 
162.84 1193.85 
1460.51 447.05 
970.33 588.14 
796.67 1074.82 
593.35 1203.96 
955.15 495.71 
738.04 741.82 
705.44 1571.48 
602.94 1464.14 
775.94 1540.84 
158.22 908.29 
1142.13 1749.83 
1043.28 321.36 
1382.93 534.29 
816.20 1593.16 
1643.99 703.50 
1327.55 58.24 
1530.80 1407.56 
1402.14 416.60 
1514.17 1095.41 
938.59 399.79 
1107.16 1196.65 
208.42 1507.53 
982.13 1151.14 
1345.80 1862.61 
903.89 41.17 
1388.19 1304.62 
938.45 694.80 
423.02 639.00 
1091.78 388.82 
1218.05 1039.84 
1590.23 1822.44 
1865.38 1013.79 
1131.48 1700.82 
514.44 1633.19 
1320.39 1117.89 
370.45 561.34 
1488.41 563.18 
1258.26 1823.50 
665.74 1494.49 
471.13 283.37 
766.85 1059.61 
1571.61 1489.00 
1502.34 1405.18 
1319.59 1354.33 
885.84 1784.40 
694.40 1020.07 
676.08 1498.94 
1263.83 1822.45 
1423.60 991.42 
1567.00 565.49 
469.72 688.03 
148.20 1307.82 
1257.11 2004.63 
412.81 427.37 
1475.21 1249.63 
1536.67 1625.21 
1023.52 1293.48 
1455.68 1195.89 
1285.81 1072.61 
1575.55 1004.48 
965.53 1128.43 
1609.94 1339.16 
318.81 937.08 
780.49 1559.49 
1561.68 1258.83 
1251.53 868.33 
1474.74 1097.67 
956.12 1464.62 
710.77 790.78 
845.53 1588.21 
1133.10 853.73 
1263.80 1155.59 
1503.40 1720.27 
1671.25 1053.66 
285.20 1268.39 
485.17 1433.57 
1930.78 808.38 
1355.75 1606.58 
1905.82 972.62 
957.57 1812.19 
1481.43 981.60 
1175.21 1784.97 
227.27 537.04 
353.23 1402.95 
1626.63 1569.82 
1267.51 1847.54 
1290.62 1835.93 
292.85 1174.00 
854.71 336.05 
650.21 358.57 
538.49 1637.38 
1242.64 298.18 
579.64 959.21 
429.43 973.53 
220.76 615.42 
885.42 624.19 
786.12 1218.79 
1046.60 185.81 
1040.80 401.38 
1916.55 886.08 
1605.74 1190.38 
1581.50 929.59 
464.57 388.21 
588.45 1294.46 
1260.50 949.51 
672.60 1894.81 
1100.45 295.47 
935.77 320.43 
488.76 1206.61 
476.56 934.53 
333.91 1386.02 
845.00 1390.99 
1150.20 1928.59 
1472.77 621.37 
1945.78 796.19 
1367.01 1305.76 
1248.25 739.41 
1280.81 339.38 
257.37 1261.17 
1144.57 163.97 
1159.52 1838.50 
1158.82 1752.60 
931.52 1082.41 
485.38 1208.17 
1712.80 289.82 
1155.02 1532.57 
136.41 1181.80 
1696.59 1234.80 
887.82 995.02 
369.83 1384.76 
714.77 1664.39 
1432.33 1729.24 
1826.38 1449.59 
1184.24 1120.05 
1314.64 688.71 
825.63 1869.18 
521.99 642.80 
1793.79 1039.31 
1380.79 1494.20 
345.02 1430.74 
678.83 1691.21 
561.68 1690.23 
632.27 964.26 
1436.77 341.24 
282.98 1273.61 
676.92 1686.56 
1366.97 842.51 
688.54 1147.49 
1468.20 1809.23 
803.45 135.58 
257.18 479.21 
605.20 339.58 
1766.47 1063.97 
1047.33 1439.00 
1224.65 353.23 
1114.03 395.48 
1797.54 479.46 
1106.48 1649.40 
349.52 1331.45 
768.50 61.50 
1093.57 607.57 
648.51 1080.52 
1144.71 948.71 
1102.45 1843.49 
717.02 1206.21 
1426.53 1134.49 
1316.55 1147.49 
727.46 892.50 
886.01 1328.54 
1071.47 1760.56 
1230.02 1338.49 
1010.00 465.59 
552.27 792.00 
597.21 911.96 
838.79 1818.05 
388.44 290.50 
1732.45 1110.56 
1351.98 715.47 
1360.01 460.48 
901.53 1535.52 
1596.48 332.99 
558.02 1691.00 
389.55 1117.47 
174.49 588.06 
1723.19 1146.77 
434.73 863.00 
890.05 529.00 
1617.96 1687.24 
1142.51 1069.48 
1159.49 1812.51 
472.76 334.97 
1019.98 240.48 
808.41 620.00 
1039.22 34.99 
342.53 1233.03 
1365.51 828.01 
413.01 1492.51 
834.50 255.49 
605.26 1281.27 
1477.65 1143.78 
901.78 1372.78 
667.51 1401.48 
1365.26 978.66 
1717.25 1438.01 
1156.48 1270.52 
1578.05 410.22 
1769.52 1601.52 
1181.71 2012.32 
938.03 96.50 
1050.46 348.50 
874.28 635.26 
501.48 716.48 
539.48 1076.55 
955.49 333.99 
1232.77 600.77 
1254.63 1356.73 
1054.00 1620.05 
739.47 1806.49 
912.48 1990.00 
1896.78 1282.76 
1347.68 1690.32 
955.00 185.86 
1112.76 373.68 
268.98 748.00 
546.26 1261.65 
1571.62 833.24 
1258.00 991.50 
703.42 802.00 
1387.47 1295.26 
134.99 631.24 
599.50 1822.49 
1822.32 1138.66 
336.66 453.27 
1658.08 1625.00 
488.33 771.39 
211.31 1480.70 
836.95 1387.00 
1527.25 1824.62 
571.60 1545.25 
1534.00 1212.02 
439.02 1400.00 
394.35 1365.67 
543.72 1638.65 
353.34 1353.35 
985.72 587.36 
450.67 456.72 
1061.94 1737.00 
1568.34 834.65 
663.04 312.00 
344.41 1113.74 
856.34 1820.29 
581.00 937.98 
714.04 1642.00 
917.29 581.64 
629.62 183.29 
1061.60 573.30 
1181.65 1207.71 
128.96 976.00 
902.73 1934.72 
589.74 127.59 
486.34 1518.71 
448.00 1005.96 
1698.01 1095.00 
1529.29 826.42 
57.64 916.71 
488.36 1108.71 
1272.05 1678.00 
860.36 1848.72 
773.71 375.63 
996.67 374.33 
1734.06 1305.00 
205.28 1508.62 
1516.62 1304.30 
1507.06 1894.00 
771.34 1682.28 
562.42 1695.28 
1313.29 1500.68 
1474.69 1244.66 
1557.70 1683.40 
1139.99 250.00 
307.72 696.69 
1594.97 1518.00 
747.37 1923.28 
1109.63 473.71 
740.63 988.70 
1860.34 892.66 
1683.30 516.34 
570.72 1549.45 
824.28 1922.35 
724.66 1744.70 
1175.00 885.00 
985.30 127.33 
1355.67 589.31 
1859.33 1409.67 
749.67 1895.30 
805.35 1218.35 
728.30 109.33 
1483.66 726.67 
1773.32 808.34 
1584.67 932.66 
700.61 117.68 
247.66 1548.69 
392.33 791.33 
1844.70 1372.38 
1799.03 497.00 
275.35 715.32 
713.36 1040.33 
1857.97 1091.00 
648.31 743.69 
239.05 1307.00 
1633.03 662.00 
316.40 1184.30 
1830.69 1062.68 
757.38 461.32 
873.63 186.69 
1016.71 1633.38 
872.32 1723.69 
813.00 1805.99 
663.62 1806.68 
1019.34 142.69 
1795.67 1036.64 
375.69 1338.34 
1379.31 271.30 
699.34 1010.35 
124.65 1055.66 
963.00 657.01 
363.65 319.35 
1367.69 432.67 
1811.02 635.00 
1886.68 1333.65 
355.31 1615.32 
563.95 1398.00 
1870.36 1525.32 
771.32 620.69 
592.68 1444.67 
147.34 1085.31 
354.34 1640.66 
1788.32 469.68 
701.67 343.33 
722.35 925.33 
883.66 1535.67 
