1088.88 9.73 
658.01 39.52 
812.00 68.88 
1469.64 74.61 
1143.36 78.92 
783.56 95.47 
718.30 105.01 
1080.84 105.51 
1122.42 121.37 
956.60 126.25 
1256.37 126.23 
1345.04 138.54 
756.58 147.86 
1145.64 167.46 
1307.24 173.94 
1035.41 176.08 
1353.51 197.04 
1514.46 202.60 
630.87 202.80 
1110.83 208.54 
1355.56 219.20 
782.78 223.82 
344.80 231.07 
1601.59 230.16 
652.15 231.95 
920.34 239.61 
651.91 241.82 
1046.18 259.73 
1106.61 259.54 
411.98 263.64 
794.74 262.82 
1622.23 277.00 
1704.70 275.90 
1508.82 277.77 
1068.06 281.11 
1102.32 281.43 
813.35 281.85 
940.80 291.48 
954.35 291.21 
1229.27 293.77 
556.07 294.88 
871.58 305.11 
1268.32 304.78 
892.37 306.38 
826.47 310.64 
928.37 309.94 
580.97 312.49 
1050.71 315.37 
1639.30 314.15 
1209.82 318.15 
1032.71 321.35 
734.90 323.41 
1547.91 324.54 
966.38 327.77 
727.06 329.62 
1590.24 331.39 
567.77 332.24 
609.29 337.50 
650.15 342.41 
1106.46 346.77 
743.22 348.22 
980.85 353.28 
1592.51 359.08 
1181.68 362.08 
1004.25 360.02 
1093.54 362.24 
1126.31 362.21 
1193.77 362.26 
948.57 364.27 
1139.96 366.59 
1218.12 368.89 
736.95 371.32 
882.70 370.92 
646.84 372.97 
939.23 374.99 
1160.55 376.53 
356.19 379.97 
1280.45 379.64 
816.60 381.47 
608.31 382.14 
1023.58 387.94 
549.68 391.44 
845.58 391.61 
792.62 393.64 
1140.26 392.96 
1385.61 394.25 
1396.20 395.80 
782.10 396.76 
823.62 397.05 
749.09 398.62 
1234.66 399.19 
1433.31 400.49 
1045.50 402.65 
1183.32 405.64 
1218.26 405.45 
419.55 407.66 
1110.47 409.19 
279.38 416.01 
1095.67 421.21 
1291.31 420.57 
1085.75 422.99 
1707.45 423.77 
1322.62 424.95 
1067.74 427.79 
1525.24 429.45 
479.63 431.01 
645.20 430.42 
1589.95 432.40 
1275.65 433.82 
951.75 435.76 
1028.54 435.52 
1232.19 435.04 
1117.22 437.60 
1165.69 437.40 
921.09 443.78 
1238.91 443.65 
1230.00 443.62 
641.69 444.86 
1098.31 445.86 
1894.03 445.27 
478.89 446.40 
1271.78 448.74 
998.54 449.60 
1439.02 449.26 
685.53 453.49 
1683.37 452.57 
1320.93 454.52 
536.39 455.55 
837.72 457.04 
847.97 458.04 
1342.81 460.29 
357.30 461.01 
565.81 462.94 
1232.98 463.20 
1170.51 464.73 
332.97 468.55 
647.79 467.04 
854.22 467.07 
518.17 468.90 
770.72 471.40 
1048.70 474.59 
1386.56 474.00 
1747.23 474.81 
591.07 476.57 
494.03 479.46 
633.52 480.73 
988.12 480.40 
1275.30 480.91 
1679.35 480.72 
948.09 482.86 
1002.84 483.80 
1328.46 487.90 
1433.89 486.66 
1191.16 487.89 
469.41 489.35 
867.51 490.09 
953.17 493.93 
1115.36 494.88 
1431.04 496.41 
811.41 502.13 
651.65 503.51 
696.59 506.61 
1055.89 506.03 
1274.34 506.63 
1141.06 507.72 
835.34 510.77 
1002.03 510.64 
1085.82 512.92 
1171.64 513.89 
627.80 515.10 
950.30 514.62 
851.30 514.70 
1539.24 515.43 
882.93 516.70 
1140.16 516.44 
1752.81 518.03 
590.01 516.90 
903.77 517.84 
936.54 518.12 
991.07 519.13 
1203.90 519.62 
1274.74 518.55 
959.44 520.03 
1554.09 521.02 
1025.34 521.24 
1046.45 520.21 
769.36 522.67 
1014.45 521.68 
1171.17 522.10 
606.21 524.78 
759.09 527.93 
876.91 528.90 
824.89 530.59 
1490.92 531.46 
745.70 535.67 
1597.73 535.50 
1796.44 534.32 
795.04 537.07 
1075.33 537.19 
1201.03 536.55 
1303.53 536.93 
907.11 538.34 
1436.94 537.76 
688.49 541.67 
804.17 541.96 
1287.00 542.23 
1338.18 542.17 
1608.01 543.17 
782.29 545.17 
1091.25 543.34 
1373.07 547.65 
1068.35 548.92 
630.38 551.28 
163.95 551.42 
871.53 551.59 
924.91 552.69 
1126.10 554.68 
1305.04 553.01 
1089.47 555.10 
750.39 562.26 
855.82 562.59 
708.71 564.38 
1349.97 566.64 
1378.84 567.00 
1664.36 569.06 
1041.06 569.82 
843.92 570.96 
984.51 574.70 
681.21 576.11 
489.65 576.32 
1206.62 578.30 
924.90 579.78 
1028.79 579.99 
188.94 581.93 
255.77 583.97 
1058.34 583.75 
739.49 584.62 
863.10 584.94 
1141.81 585.53 
625.70 586.83 
1632.51 586.04 
363.56 588.87 
1007.64 588.13 
1130.92 588.82 
1596.45 589.69 
1173.25 591.60 
1411.44 593.76 
1323.84 594.90 
454.72 595.34 
905.93 595.08 
916.08 596.15 
441.31 596.39 
756.33 596.01 
1078.37 595.96 
741.90 596.61 
1335.34 598.25 
609.95 600.11 
1175.12 601.00 
1261.58 601.48 
1288.34 601.68 
779.67 603.69 
1229.55 604.22 
416.43 606.23 
641.48 608.03 
1740.82 607.98 
834.38 608.35 
673.24 611.02 
1129.75 612.26 
1516.32 615.01 
771.01 616.39 
1738.52 615.86 
854.36 618.14 
669.04 618.51 
1119.26 622.07 
132.28 623.40 
603.88 623.93 
1371.34 626.45 
1209.83 626.70 
853.22 628.18 
1550.62 627.84 
734.13 629.99 
684.37 631.50 
1083.84 634.11 
1035.33 636.30 
1208.61 635.65 
1025.23 639.27 
720.48 641.47 
807.40 640.61 
1765.08 639.88 
1484.91 641.62 
666.17 643.37 
1365.20 642.72 
968.50 643.91 
1291.46 645.93 
912.15 648.40 
845.27 650.76 
699.38 651.98 
923.36 652.72 
1084.48 652.34 
1160.78 651.50 
766.57 653.41 
1453.76 654.53 
617.62 656.73 
1063.39 656.88 
1823.34 655.04 
1865.37 656.67 
789.17 661.11 
1012.65 661.16 
1535.84 661.11 
1596.47 661.46 
678.05 662.46 
1092.78 663.65 
1175.29 665.07 
745.66 665.89 
1466.38 664.63 
327.19 668.47 
1321.63 666.94 
1425.83 666.70 
913.24 667.42 
1365.66 669.34 
656.40 670.76 
1239.70 669.65 
1375.51 670.40 
1223.35 673.73 
1124.39 674.12 
680.44 677.03 
1503.09 676.98 
460.81 677.09 
284.83 678.11 
300.01 679.01 
1588.47 681.30 
1270.16 682.94 
860.11 684.86 
1412.29 684.11 
576.27 687.26 
1303.37 688.17 
478.83 690.68 
822.99 691.73 
555.91 697.54 
129.09 698.04 
1241.30 698.92 
305.83 700.95 
830.20 700.04 
1350.33 700.70 
629.53 702.98 
1011.07 705.38 
777.29 708.38 
1417.86 709.87 
394.99 711.60 
954.92 710.11 
1342.11 710.59 
1270.04 712.41 
828.42 714.05 
535.68 714.84 
721.09 714.02 
1380.87 716.96 
1397.35 715.92 
1291.94 717.74 
1525.56 717.30 
924.58 717.51 
976.25 719.06 
1320.93 719.34 
169.85 720.67 
710.91 723.80 
1915.24 723.24 
1416.52 723.89 
475.46 725.79 
668.30 726.38 
1609.34 726.01 
762.75 728.83 
1563.50 729.58 
1690.31 729.23 
701.07 731.08 
1166.68 730.73 
1446.23 732.53 
524.71 733.25 
690.43 734.08 
311.93 733.27 
413.02 734.83 
1220.73 735.91 
1047.87 737.21 
1025.89 737.80 
568.42 739.82 
872.47 738.67 
998.63 741.12 
1096.81 741.85 
1388.39 742.15 
669.76 744.17 
949.77 744.47 
1174.01 744.61 
1463.70 746.16 
805.72 746.68 
1157.56 745.68 
348.99 748.80 
1128.85 748.69 
193.40 748.47 
1074.15 752.82 
648.64 754.44 
700.75 754.82 
630.50 757.37 
755.89 759.23 
820.75 759.68 
1172.93 759.47 
181.92 758.86 
874.36 760.46 
1545.13 760.33 
1275.35 762.10 
1224.96 765.40 
1079.04 766.76 
1607.92 767.19 
1282.36 769.94 
1513.87 770.56 
397.03 769.74 
657.01 773.26 
605.43 774.73 
690.65 774.10 
1315.07 776.38 
863.18 776.22 
1394.72 777.49 
1119.32 779.39 
21.59 779.32 
792.56 780.71 
820.28 782.70 
1481.51 782.94 
1569.97 784.12 
546.51 788.72 
658.65 788.95 
1077.24 789.05 
772.68 791.27 
27.74 791.72 
231.96 794.32 
1590.34 797.47 
1617.16 798.65 
1228.79 799.40 
752.54 802.17 
50.25 801.75 
1202.75 801.53 
418.50 804.62 
1393.21 805.39 
905.25 806.94 
1057.30 808.44 
1579.23 810.50 
1255.14 810.15 
1075.53 811.12 
1107.54 812.78 
1886.61 812.92 
1466.29 813.16 
254.82 814.83 
621.48 814.96 
744.57 820.27 
460.01 820.46 
78.01 821.43 
374.42 821.02 
792.06 821.04 
1062.96 820.43 
1716.89 821.80 
1504.91 823.76 
1141.76 822.57 
1014.57 824.34 
238.34 826.30 
1439.97 828.31 
564.02 828.61 
966.36 827.79 
1171.72 829.02 
918.05 830.32 
1184.09 836.02 
1202.08 835.30 
1620.18 835.93 
727.96 835.99 
997.69 837.39 
506.62 840.43 
1244.23 840.59 
1232.84 841.49 
898.99 841.38 
1452.34 844.80 
239.36 845.14 
740.72 848.07 
447.16 849.53 
706.76 848.84 
834.46 851.45 
1488.96 852.67 
1633.54 855.72 
482.47 855.56 
585.83 855.98 
355.25 857.02 
1468.28 861.69 
629.32 862.65 
811.74 864.22 
1322.51 864.93 
1394.76 867.64 
607.93 872.45 
1782.27 874.21 
792.25 874.69 
668.88 876.81 
1339.61 877.21 
1438.79 876.48 
122.29 877.15 
1169.46 880.51 
585.44 882.81 
1466.48 884.38 
1276.37 886.27 
498.80 886.92 
1830.04 887.94 
706.75 888.53 
879.33 888.42 
1417.55 890.10 
1553.51 893.70 
770.18 893.04 
643.39 898.54 
1384.86 900.81 
1080.01 901.41 
1320.66 902.52 
422.62 906.77 
1464.85 907.64 
1226.24 907.77 
919.58 910.18 
968.63 910.38 
1018.71 910.74 
1059.53 910.83 
1104.60 911.14 
220.28 912.44 
1440.61 913.91 
38.33 912.88 
1011.73 914.70 
575.76 917.47 
821.21 917.81 
1651.58 918.44 
963.98 917.89 
1167.03 919.94 
1725.73 920.71 
1431.69 924.64 
692.43 925.99 
672.62 928.17 
1160.53 927.72 
519.12 929.76 
1338.67 932.35 
482.25 934.77 
380.68 938.72 
1463.65 938.56 
878.51 942.04 
1370.36 942.43 
1066.90 944.76 
784.91 946.02 
1099.97 955.43 
852.25 956.96 
1514.67 957.67 
1025.78 958.75 
960.88 960.13 
1778.55 959.50 
971.76 963.40 
1301.59 963.06 
1486.50 964.01 
1852.22 962.89 
614.53 964.68 
1494.19 967.14 
788.80 970.27 
748.27 973.83 
1585.42 974.63 
626.02 975.54 
820.95 981.11 
1072.55 984.32 
472.79 985.09 
412.71 985.89 
1690.48 986.03 
1345.94 987.19 
1354.29 987.00 
571.00 988.41 
1234.46 988.85 
1174.14 995.25 
529.06 997.01 
882.77 995.59 
1081.62 997.76 
1131.40 999.92 
1438.88 1000.19 
705.28 1003.48 
359.86 1006.71 
576.00 1006.93 
1277.87 1005.77 
154.31 1007.61 
587.59 1008.55 
414.87 1010.35 
1259.85 1011.88 
1391.78 1011.35 
780.01 1013.08 
1689.11 1014.59 
193.16 1019.62 
648.65 1020.79 
1990.36 1020.77 
847.37 1023.35 
1321.79 1022.97 
1096.50 1023.35 
871.95 1024.53 
1741.58 1023.96 
1575.65 1028.16 
1163.91 1029.93 
1480.93 1034.29 
181.94 1032.97 
953.59 1034.10 
1706.71 1034.54 
1679.58 1034.64 
702.39 1035.76 
310.54 1039.73 
1711.05 1044.09 
922.73 1046.29 
681.72 1045.89 
542.47 1048.45 
638.85 1049.75 
1096.64 1050.39 
1216.06 1050.53 
35.60 1053.51 
567.40 1052.31 
188.88 1054.57 
494.83 1055.17 
241.81 1055.60 
1246.71 1056.75 
595.19 1061.80 
817.19 1063.85 
1168.35 1061.68 
1775.89 1064.35 
490.51 1063.55 
1607.58 1068.27 
848.92 1068.46 
758.01 1069.29 
953.83 1070.89 
408.04 1071.39 
1467.04 1073.41 
553.21 1074.22 
829.74 1079.05 
1485.74 1080.93 
1201.44 1083.38 
1290.14 1081.64 
1616.92 1082.41 
615.00 1085.25 
843.24 1087.81 
1624.18 1088.12 
456.89 1089.73 
810.33 1089.54 
483.86 1093.19 
1113.32 1092.86 
1481.46 1092.72 
1691.13 1092.92 
1762.50 1095.18 
1206.23 1097.25 
629.08 1097.03 
601.36 1099.33 
790.70 1100.09 
1559.27 1100.16 
1474.07 1104.78 
781.75 1105.60 
1186.11 1106.15 
1334.78 1106.25 
1641.07 1108.03 
104.62 1109.08 
398.27 1109.83 
771.02 1110.66 
659.65 1112.55 
810.62 1112.58 
356.71 1114.00 
1035.17 1113.24 
1435.33 1115.23 
1755.20 1114.64 
242.22 1115.66 
832.28 1117.26 
981.29 1117.89 
1005.60 1118.36 
1502.65 1119.13 
1571.96 1121.32 
1347.63 1125.64 
1658.38 1128.08 
1322.77 1126.78 
1108.95 1132.29 
757.43 1132.97 
861.52 1134.02 
1125.95 1132.81 
1230.34 1133.11 
1011.78 1134.39 
1822.84 1134.12 
1354.48 1137.21 
595.93 1138.27 
635.27 1139.10 
705.20 1140.77 
825.57 1142.09 
1080.40 1142.29 
1272.42 1141.83 
625.60 1142.63 
1736.64 1141.31 
1250.35 1144.00 
553.71 1147.13 
946.29 1146.31 
1676.44 1147.29 
573.63 1149.51 
1374.20 1151.25 
526.02 1154.30 
580.71 1155.09 
1049.23 1159.55 
746.47 1159.62 
503.34 1161.50 
720.95 1162.22 
1001.31 1163.08 
1127.08 1162.94 
1078.72 1167.10 
1393.53 1169.23 
1408.47 1169.13 
1540.06 1169.79 
566.66 1170.52 
1157.21 1170.03 
420.92 1172.06 
1295.72 1170.74 
446.87 1174.59 
364.74 1176.33 
910.74 1174.77 
431.83 1176.79 
650.66 1176.29 
1056.72 1177.39 
934.60 1177.35 
1149.22 1180.33 
1614.01 1179.47 
561.58 1180.61 
1103.93 1181.27 
1048.67 1182.29 
738.87 1186.79 
147.96 1187.99 
1197.55 1186.57 
1253.74 1187.32 
1215.55 1187.62 
1168.56 1189.01 
722.96 1193.06 
844.17 1195.24 
1199.27 1196.09 
612.94 1197.36 
1343.10 1197.41 
1245.56 1198.98 
896.68 1199.30 
1053.38 1202.26 
1169.85 1204.57 
461.11 1204.42 
794.04 1208.47 
1436.91 1208.36 
1276.30 1210.20 
417.41 1210.22 
542.13 1211.99 
877.54 1210.35 
1419.87 1212.92 
1191.71 1214.15 
668.47 1215.11 
782.81 1214.98 
1154.05 1217.03 
1308.00 1221.07 
539.03 1221.27 
841.83 1222.21 
1017.52 1221.47 
1242.61 1222.21 
952.60 1223.49 
525.71 1224.69 
902.23 1223.84 
1648.06 1224.34 
660.28 1226.03 
894.77 1228.35 
1146.67 1228.86 
734.40 1230.15 
1591.53 1231.93 
1455.76 1234.09 
1862.35 1239.50 
1080.06 1240.79 
360.30 1242.60 
1335.49 1245.12 
1932.71 1244.47 
657.31 1246.34 
277.92 1249.43 
1466.85 1247.92 
1505.68 1248.15 
1732.19 1249.01 
787.88 1250.83 
1095.07 1250.13 
1806.44 1250.96 
1609.13 1252.05 
1403.40 1252.23 
1553.75 1254.77 
707.25 1254.40 
1122.45 1257.51 
248.34 1258.29 
512.43 1257.42 
667.34 1259.10 
1565.14 1261.22 
1280.94 1261.68 
788.05 1261.13 
829.28 1262.99 
595.41 1265.38 
1300.68 1267.78 
1336.77 1269.20 
258.97 1273.05 
692.66 1272.40 
1044.58 1271.37 
522.28 1274.00 
839.45 1272.54 
809.35 1274.51 
1013.45 1273.88 
1306.33 1275.89 
719.44 1279.06 
1176.24 1283.97 
878.35 1283.19 
1600.51 1295.49 
1091.44 1298.05 
1208.16 1298.74 
1387.03 1297.27 
1546.72 1298.60 
1139.55 1298.79 
934.01 1301.12 
1438.61 1304.50 
799.33 1305.44 
949.99 1305.95 
1000.80 1305.66 
1052.23 1305.68 
898.11 1307.74 
1327.48 1307.57 
652.96 1310.39 
1119.89 1310.33 
1545.19 1311.67 
423.77 1312.58 
780.08 1316.86 
1267.22 1318.00 
1469.68 1317.14 
579.73 1318.13 
1253.73 1317.85 
1480.11 1319.29 
727.19 1320.95 
827.00 1321.88 
483.58 1323.61 
611.19 1322.96 
1010.13 1326.44 
1416.83 1326.14 
1183.46 1327.28 
1339.70 1327.06 
505.35 1328.39 
1305.77 1330.67 
916.40 1333.43 
1357.10 1332.08 
1724.64 1335.08 
1456.98 1336.27 
1733.81 1337.20 
1163.04 1339.49 
880.52 1341.62 
1320.91 1340.71 
1647.23 1341.82 
1339.78 1342.44 
668.03 1344.11 
517.84 1344.67 
932.90 1343.30 
198.06 1344.57 
1508.05 1345.30 
453.47 1346.29 
825.17 1346.92 
768.73 1349.45 
1130.48 1349.19 
702.92 1356.36 
1229.60 1356.43 
811.30 1357.54 
1291.38 1359.13 
469.32 1359.77 
936.24 1359.15 
1334.81 1361.22 
1512.02 1360.45 
637.69 1363.28 
611.61 1364.06 
1117.83 1364.15 
1526.18 1364.27 
1181.82 1365.36 
1487.25 1367.93 
436.63 1368.91 
1459.03 1368.97 
404.95 1371.03 
1126.48 1370.46 
1079.15 1371.03 
564.97 1373.72 
815.87 1373.82 
1273.16 1373.57 
1253.98 1375.19 
506.47 1375.16 
1148.19 1376.88 
1457.04 1377.83 
1007.41 1380.74 
1349.07 1382.07 
1422.05 1382.17 
758.11 1382.11 
693.13 1384.02 
828.71 1383.65 
1306.62 1385.53 
1325.92 1385.82 
335.51 1387.29 
1277.76 1386.33 
585.28 1390.74 
748.68 1390.03 
1014.39 1392.61 
962.14 1392.89 
453.78 1395.53 
922.70 1394.71 
1404.21 1394.67 
1325.21 1395.57 
594.17 1399.27 
1091.82 1401.48 
1122.29 1400.76 
1209.51 1402.71 
555.47 1402.20 
1364.31 1402.88 
1330.43 1401.71 
748.57 1405.38 
1033.86 1406.34 
1222.11 1409.15 
735.77 1410.98 
977.07 1411.65 
670.76 1412.50 
575.13 1413.30 
1057.15 1412.96 
900.14 1414.55 
1241.87 1415.92 
2030.94 1412.98 
468.22 1417.59 
1500.88 1421.91 
954.63 1422.86 
1070.73 1423.13 
1512.47 1423.13 
1380.18 1423.89 
746.37 1426.36 
803.67 1427.18 
1274.73 1429.21 
1056.08 1433.48 
722.64 1432.35 
1100.47 1434.17 
1241.80 1433.67 
756.37 1436.04 
1496.48 1437.58 
835.93 1437.17 
680.08 1439.94 
798.42 1440.02 
1435.17 1440.71 
1443.50 1440.61 
1271.12 1440.33 
1315.24 1444.81 
1372.31 1445.00 
581.71 1447.56 
195.50 1450.91 
735.66 1449.85 
1034.43 1449.11 
607.39 1451.48 
849.82 1453.33 
707.92 1453.79 
1115.18 1453.84 
1146.55 1455.60 
823.60 1458.55 
1374.15 1459.11 
736.66 1461.42 
1063.90 1462.82 
1215.43 1463.10 
890.94 1464.01 
1799.43 1464.35 
900.33 1466.97 
1205.28 1466.24 
1477.44 1470.45 
662.45 1471.34 
745.68 1470.99 
509.25 1472.41 
640.04 1473.11 
1093.21 1476.37 
1063.51 1477.06 
1008.40 1477.18 
952.66 1477.79 
172.90 1480.04 
811.96 1480.61 
846.68 1480.69 
1390.61 1481.52 
1827.75 1480.44 
567.26 1484.09 
1630.69 1483.94 
1951.19 1482.15 
716.17 1485.62 
1161.80 1485.65 
1490.33 1485.21 
1756.98 1486.22 
1354.40 1489.35 
910.73 1491.94 
1538.55 1492.83 
1368.34 1495.03 
1294.38 1496.18 
509.38 1497.29 
769.64 1498.86 
1182.70 1499.98 
798.01 1502.76 
1155.39 1505.53 
1313.89 1506.62 
1009.88 1506.77 
1540.76 1507.05 
1048.95 1508.99 
1239.96 1511.02 
1107.99 1508.73 
992.02 1514.35 
777.04 1515.13 
1409.62 1514.92 
1697.77 1515.32 
726.90 1515.64 
1322.69 1517.05 
1187.69 1519.15 
1548.26 1521.44 
744.67 1529.13 
1605.83 1529.62 
1221.84 1533.34 
1000.95 1533.49 
945.32 1534.70 
1395.65 1536.60 
671.31 1539.36 
1156.27 1542.04 
1339.24 1542.37 
1202.15 1544.59 
318.91 1544.28 
747.46 1544.41 
1221.25 1546.54 
659.38 1547.87 
1253.91 1548.31 
945.30 1552.58 
1000.05 1551.78 
954.57 1553.39 
1554.22 1554.32 
1380.12 1554.68 
422.78 1557.32 
738.95 1561.28 
1540.57 1564.41 
1044.59 1566.52 
732.67 1566.93 
988.58 1566.99 
932.35 1568.06 
878.69 1569.81 
1212.57 1570.48 
1356.37 1571.84 
639.99 1573.54 
822.50 1572.53 
532.43 1577.12 
989.47 1575.04 
1791.23 1574.22 
1164.65 1579.45 
554.24 1582.45 
1104.54 1583.77 
846.48 1588.21 
1254.43 1587.55 
692.84 1589.08 
742.96 1589.84 
1043.23 1589.55 
985.42 1595.14 
1336.77 1596.38 
1035.46 1598.41 
1091.36 1598.60 
1602.70 1598.38 
1828.08 1600.68 
484.83 1605.44 
1352.62 1606.93 
1196.73 1612.11 
1233.36 1611.90 
754.11 1613.67 
1400.76 1622.25 
1024.27 1622.74 
1079.88 1622.76 
1710.03 1622.72 
967.77 1623.22 
233.50 1626.29 
871.78 1624.90 
912.21 1624.79 
1563.57 1624.85 
679.30 1627.09 
1203.70 1628.00 
1627.23 1629.01 
961.24 1631.68 
1081.40 1636.84 
765.07 1637.85 
1432.22 1640.95 
738.64 1641.12 
599.66 1642.97 
1013.48 1647.75 
956.25 1648.69 
527.02 1653.19 
794.22 1655.47 
299.28 1656.05 
894.03 1656.61 
1327.74 1659.74 
1505.44 1660.08 
519.34 1662.39 
1165.91 1664.19 
662.22 1665.43 
1708.96 1666.15 
913.03 1666.23 
1361.32 1668.68 
847.64 1668.88 
1002.20 1673.37 
1062.46 1673.38 
1133.69 1673.70 
945.86 1674.18 
886.24 1675.89 
1357.81 1678.52 
1242.55 1679.65 
580.44 1682.15 
839.80 1683.10 
877.36 1684.69 
426.06 1690.95 
1250.81 1694.92 
1463.85 1698.40 
992.46 1699.77 
1052.54 1699.91 
1324.58 1699.72 
1292.44 1701.43 
1017.92 1701.55 
957.87 1702.54 
1471.93 1706.34 
597.76 1710.17 
797.42 1713.38 
1407.58 1714.19 
829.27 1721.79 
1139.39 1721.86 
1535.42 1724.00 
563.91 1725.99 
737.95 1728.13 
864.91 1730.84 
998.89 1730.80 
628.54 1748.44 
1471.73 1751.87 
1031.66 1753.76 
972.32 1755.10 
909.06 1756.12 
727.24 1759.82 
615.32 1761.92 
855.38 1775.96 
998.47 1781.93 
1081.29 1782.63 
1110.95 1781.76 
1100.45 1783.45 
300.88 1784.80 
889.82 1786.03 
1254.80 1787.74 
1045.78 1787.69 
589.16 1796.58 
922.41 1796.52 
977.67 1795.73 
831.88 1798.21 
867.30 1804.22 
1492.02 1822.71 
1321.36 1825.43 
772.09 1829.81 
1598.49 1831.36 
1716.11 1834.67 
768.83 1837.66 
333.25 1840.57 
650.46 1849.01 
611.92 1854.91 
721.91 1855.48 
1047.09 1860.72 
626.59 1865.27 
914.57 1872.75 
1084.73 1873.88 
659.88 1878.58 
1155.16 1884.02 
648.59 1901.96 
1365.38 1903.14 
836.79 1924.83 
620.63 1930.10 
1204.95 1931.30 
953.60 1967.75 
533.40 1993.01 
